district,age,rural,urban,total
ABBOTTABAD DISTRICT,<1,26861,6434,33295
ABBOTTABAD DISTRICT,1,25693,6643,32336
ABBOTTABAD DISTRICT,2,25744,6702,32446
ABBOTTABAD DISTRICT,3,27295,7121,34416
ABBOTTABAD DISTRICT,4,25885,6716,32601
ABBOTTABAD DISTRICT,5,26232,6712,32944
ABBOTTABAD DISTRICT,6,25304,6760,32064
ABBOTTABAD DISTRICT,7,28144,7317,35461
ABBOTTABAD DISTRICT,8,24880,6198,31078
ABBOTTABAD DISTRICT,9,27492,7381,34873
ABBOTTABAD DISTRICT,10,21695,5771,27466
ABBOTTABAD DISTRICT,11,25504,6984,32488
ABBOTTABAD DISTRICT,12,21620,6062,27682
ABBOTTABAD DISTRICT,13,22905,6756,29661
ABBOTTABAD DISTRICT,14,21194,6116,27310
ABBOTTABAD DISTRICT,15,21512,6171,27683
ABBOTTABAD DISTRICT,16,21691,6267,27958
ABBOTTABAD DISTRICT,17,22544,6704,29248
ABBOTTABAD DISTRICT,18,19343,5601,24944
ABBOTTABAD DISTRICT,19,21433,6917,28350
ABBOTTABAD DISTRICT,20,17768,5970,23738
ABBOTTABAD DISTRICT,21,20574,7216,27790
ABBOTTABAD DISTRICT,22,19306,6239,25545
ABBOTTABAD DISTRICT,23,19959,6168,26127
ABBOTTABAD DISTRICT,24,19557,5870,25427
ABBOTTABAD DISTRICT,25,16269,4739,21008
ABBOTTABAD DISTRICT,26,17902,5334,23236
ABBOTTABAD DISTRICT,27,16832,5143,21975
ABBOTTABAD DISTRICT,28,16754,5003,21757
ABBOTTABAD DISTRICT,29,15859,4928,20787
ABBOTTABAD DISTRICT,30,15218,4541,19759
ABBOTTABAD DISTRICT,31,15907,4764,20671
ABBOTTABAD DISTRICT,32,15484,4805,20289
ABBOTTABAD DISTRICT,33,14641,4452,19093
ABBOTTABAD DISTRICT,34,14226,4049,18275
ABBOTTABAD DISTRICT,35,12284,3773,16057
ABBOTTABAD DISTRICT,36,13173,3895,17068
ABBOTTABAD DISTRICT,37,11645,3327,14972
ABBOTTABAD DISTRICT,38,13227,4201,17428
ABBOTTABAD DISTRICT,39,12029,3469,15498
ABBOTTABAD DISTRICT,40,11100,3680,14780
ABBOTTABAD DISTRICT,41,10361,3028,13389
ABBOTTABAD DISTRICT,42,9750,3139,12889
ABBOTTABAD DISTRICT,43,9703,2989,12692
ABBOTTABAD DISTRICT,44,9333,2769,12102
ABBOTTABAD DISTRICT,45,8501,2807,11308
ABBOTTABAD DISTRICT,46,8790,2458,11248
ABBOTTABAD DISTRICT,47,7642,2068,9710
ABBOTTABAD DISTRICT,48,9541,2578,12119
ABBOTTABAD DISTRICT,49,8684,2328,11012
ABBOTTABAD DISTRICT,50,8396,2640,11036
ABBOTTABAD DISTRICT,51,7932,2135,10067
ABBOTTABAD DISTRICT,52,7969,2309,10278
ABBOTTABAD DISTRICT,53,7990,2155,10145
ABBOTTABAD DISTRICT,54,7532,2074,9606
ABBOTTABAD DISTRICT,55,6861,2015,8876
ABBOTTABAD DISTRICT,56,6209,1681,7890
ABBOTTABAD DISTRICT,57,5044,1336,6380
ABBOTTABAD DISTRICT,58,5886,1581,7467
ABBOTTABAD DISTRICT,59,5137,1312,6449
ABBOTTABAD DISTRICT,60,5449,1656,7105
ABBOTTABAD DISTRICT,61,5393,1294,6687
ABBOTTABAD DISTRICT,62,5390,1384,6774
ABBOTTABAD DISTRICT,63,5382,1287,6669
ABBOTTABAD DISTRICT,64,4719,1189,5908
ABBOTTABAD DISTRICT,65,4354,1154,5508
ABBOTTABAD DISTRICT,66,3781,795,4576
ABBOTTABAD DISTRICT,67,3606,697,4303
ABBOTTABAD DISTRICT,68,4004,872,4876
ABBOTTABAD DISTRICT,69,3240,671,3911
ABBOTTABAD DISTRICT,70,3063,785,3848
ABBOTTABAD DISTRICT,71,2943,620,3563
ABBOTTABAD DISTRICT,72,2885,616,3501
ABBOTTABAD DISTRICT,73,2757,573,3330
ABBOTTABAD DISTRICT,74,2178,477,2655
ABBOTTABAD DISTRICT,>=75,16014,3614,19628
ATTOCK DISTRICT,<1,31301,10381,41682
ATTOCK DISTRICT,1,32971,12170,45141
ATTOCK DISTRICT,2,32710,11100,43810
ATTOCK DISTRICT,3,34761,12251,47012
ATTOCK DISTRICT,4,33232,11148,44380
ATTOCK DISTRICT,5,31933,11383,43316
ATTOCK DISTRICT,6,31595,11172,42767
ATTOCK DISTRICT,7,33588,11981,45569
ATTOCK DISTRICT,8,29491,10482,39973
ATTOCK DISTRICT,9,33892,12299,46191
ATTOCK DISTRICT,10,26913,9579,36492
ATTOCK DISTRICT,11,32783,12007,44790
ATTOCK DISTRICT,12,26332,9470,35802
ATTOCK DISTRICT,13,29872,10896,40768
ATTOCK DISTRICT,14,26341,9728,36069
ATTOCK DISTRICT,15,27933,9849,37782
ATTOCK DISTRICT,16,28789,9941,38730
ATTOCK DISTRICT,17,29456,10510,39966
ATTOCK DISTRICT,18,23576,8503,32079
ATTOCK DISTRICT,19,28683,10534,39217
ATTOCK DISTRICT,20,22732,8250,30982
ATTOCK DISTRICT,21,28610,10905,39515
ATTOCK DISTRICT,22,23421,8832,32253
ATTOCK DISTRICT,23,25137,9446,34583
ATTOCK DISTRICT,24,25026,8914,33940
ATTOCK DISTRICT,25,19740,7150,26890
ATTOCK DISTRICT,26,23976,8680,32656
ATTOCK DISTRICT,27,23350,8782,32132
ATTOCK DISTRICT,28,21408,8007,29415
ATTOCK DISTRICT,29,23177,8432,31609
ATTOCK DISTRICT,30,18697,7120,25817
ATTOCK DISTRICT,31,23166,8474,31640
ATTOCK DISTRICT,32,19939,7575,27514
ATTOCK DISTRICT,33,20792,7833,28625
ATTOCK DISTRICT,34,20561,7557,28118
ATTOCK DISTRICT,35,15453,5919,21372
ATTOCK DISTRICT,36,19083,7118,26201
ATTOCK DISTRICT,37,16731,6448,23179
ATTOCK DISTRICT,38,17900,6980,24880
ATTOCK DISTRICT,39,17591,6803,24394
ATTOCK DISTRICT,40,14045,5707,19752
ATTOCK DISTRICT,41,15975,5964,21939
ATTOCK DISTRICT,42,13756,5343,19099
ATTOCK DISTRICT,43,15104,5680,20784
ATTOCK DISTRICT,44,14224,5043,19267
ATTOCK DISTRICT,45,11041,4062,15103
ATTOCK DISTRICT,46,13441,4481,17922
ATTOCK DISTRICT,47,11940,3974,15914
ATTOCK DISTRICT,48,13413,4646,18059
ATTOCK DISTRICT,49,13460,4529,17989
ATTOCK DISTRICT,50,11156,3932,15088
ATTOCK DISTRICT,51,13114,4285,17399
ATTOCK DISTRICT,52,11650,3859,15509
ATTOCK DISTRICT,53,12703,4133,16836
ATTOCK DISTRICT,54,11383,3701,15084
ATTOCK DISTRICT,55,8370,3043,11413
ATTOCK DISTRICT,56,9429,3080,12509
ATTOCK DISTRICT,57,7967,2655,10622
ATTOCK DISTRICT,58,8517,2732,11249
ATTOCK DISTRICT,59,8199,2605,10804
ATTOCK DISTRICT,60,7032,2249,9281
ATTOCK DISTRICT,61,9152,2767,11919
ATTOCK DISTRICT,62,8442,2525,10967
ATTOCK DISTRICT,63,8535,2520,11055
ATTOCK DISTRICT,64,8058,2197,10255
ATTOCK DISTRICT,65,5866,1791,7657
ATTOCK DISTRICT,66,6444,1640,8084
ATTOCK DISTRICT,67,6521,1574,8095
ATTOCK DISTRICT,68,6639,1635,8274
ATTOCK DISTRICT,69,5488,1455,6943
ATTOCK DISTRICT,70,4437,1226,5663
ATTOCK DISTRICT,71,5351,1293,6644
ATTOCK DISTRICT,72,4990,1267,6257
ATTOCK DISTRICT,73,4514,1138,5652
ATTOCK DISTRICT,74,3586,825,4411
ATTOCK DISTRICT,>=75,28886,6743,35629
AWARAN DISTRICT,<1,2550,665,3215
AWARAN DISTRICT,1,2355,1038,3393
AWARAN DISTRICT,2,3176,1133,4309
AWARAN DISTRICT,3,2636,1218,3854
AWARAN DISTRICT,4,3809,1277,5086
AWARAN DISTRICT,5,2846,1252,4098
AWARAN DISTRICT,6,3787,1187,4974
AWARAN DISTRICT,7,2669,1141,3810
AWARAN DISTRICT,8,3926,1331,5257
AWARAN DISTRICT,9,2548,927,3475
AWARAN DISTRICT,10,3837,1190,5027
AWARAN DISTRICT,11,1841,813,2654
AWARAN DISTRICT,12,2651,925,3576
AWARAN DISTRICT,13,1578,765,2343
AWARAN DISTRICT,14,2009,799,2808
AWARAN DISTRICT,15,1550,674,2224
AWARAN DISTRICT,16,1461,619,2080
AWARAN DISTRICT,17,1133,582,1715
AWARAN DISTRICT,18,1455,610,2065
AWARAN DISTRICT,19,1219,539,1758
AWARAN DISTRICT,20,1960,694,2654
AWARAN DISTRICT,21,1262,583,1845
AWARAN DISTRICT,22,1286,611,1897
AWARAN DISTRICT,23,891,448,1339
AWARAN DISTRICT,24,861,455,1316
AWARAN DISTRICT,25,1457,520,1977
AWARAN DISTRICT,26,960,453,1413
AWARAN DISTRICT,27,1108,566,1674
AWARAN DISTRICT,28,1223,552,1775
AWARAN DISTRICT,29,1134,516,1650
AWARAN DISTRICT,30,1669,591,2260
AWARAN DISTRICT,31,1355,581,1936
AWARAN DISTRICT,32,992,490,1482
AWARAN DISTRICT,33,991,437,1428
AWARAN DISTRICT,34,852,380,1232
AWARAN DISTRICT,35,1114,394,1508
AWARAN DISTRICT,36,880,381,1261
AWARAN DISTRICT,37,857,490,1347
AWARAN DISTRICT,38,875,339,1214
AWARAN DISTRICT,39,780,347,1127
AWARAN DISTRICT,40,1107,278,1385
AWARAN DISTRICT,41,758,285,1043
AWARAN DISTRICT,42,665,278,943
AWARAN DISTRICT,43,740,238,978
AWARAN DISTRICT,44,660,235,895
AWARAN DISTRICT,45,708,192,900
AWARAN DISTRICT,46,604,182,786
AWARAN DISTRICT,47,594,238,832
AWARAN DISTRICT,48,599,170,769
AWARAN DISTRICT,49,635,208,843
AWARAN DISTRICT,50,727,202,929
AWARAN DISTRICT,51,514,217,731
AWARAN DISTRICT,52,372,176,548
AWARAN DISTRICT,53,453,155,608
AWARAN DISTRICT,54,429,186,615
AWARAN DISTRICT,55,437,120,557
AWARAN DISTRICT,56,346,111,457
AWARAN DISTRICT,57,340,150,490
AWARAN DISTRICT,58,340,138,478
AWARAN DISTRICT,59,369,165,534
AWARAN DISTRICT,60,480,141,621
AWARAN DISTRICT,61,341,117,458
AWARAN DISTRICT,62,252,102,354
AWARAN DISTRICT,63,313,117,430
AWARAN DISTRICT,64,393,147,540
AWARAN DISTRICT,65,291,104,395
AWARAN DISTRICT,66,228,109,337
AWARAN DISTRICT,67,203,87,290
AWARAN DISTRICT,68,231,87,318
AWARAN DISTRICT,69,256,102,358
AWARAN DISTRICT,70,231,73,304
AWARAN DISTRICT,71,143,73,216
AWARAN DISTRICT,72,117,57,174
AWARAN DISTRICT,73,167,47,214
AWARAN DISTRICT,74,164,52,216
AWARAN DISTRICT,>=75,834,385,1219
BADIN DISTRICT,<1,34495,8832,43327
BADIN DISTRICT,1,40447,9887,50334
BADIN DISTRICT,2,50640,11858,62498
BADIN DISTRICT,3,52345,12766,65111
BADIN DISTRICT,4,55417,12637,68054
BADIN DISTRICT,5,53521,13108,66629
BADIN DISTRICT,6,52689,12363,65052
BADIN DISTRICT,7,45161,11580,56741
BADIN DISTRICT,8,54331,12681,67012
BADIN DISTRICT,9,38495,10491,48986
BADIN DISTRICT,10,47850,11025,58875
BADIN DISTRICT,11,30366,8672,39038
BADIN DISTRICT,12,36387,9363,45750
BADIN DISTRICT,13,26411,7927,34338
BADIN DISTRICT,14,27152,7991,35143
BADIN DISTRICT,15,28172,8439,36611
BADIN DISTRICT,16,26286,7773,34059
BADIN DISTRICT,17,22921,7984,30905
BADIN DISTRICT,18,32908,8644,41552
BADIN DISTRICT,19,24007,7558,31565
BADIN DISTRICT,20,30518,7846,38364
BADIN DISTRICT,21,19789,6709,26498
BADIN DISTRICT,22,21183,6435,27618
BADIN DISTRICT,23,18265,6236,24501
BADIN DISTRICT,24,16915,5687,22602
BADIN DISTRICT,25,23539,6403,29942
BADIN DISTRICT,26,18195,6071,24266
BADIN DISTRICT,27,20823,6634,27457
BADIN DISTRICT,28,21289,6253,27542
BADIN DISTRICT,29,21418,6389,27807
BADIN DISTRICT,30,21235,5847,27082
BADIN DISTRICT,31,20384,6426,26810
BADIN DISTRICT,32,19774,6190,25964
BADIN DISTRICT,33,17167,5338,22505
BADIN DISTRICT,34,15882,5043,20925
BADIN DISTRICT,35,17964,4859,22823
BADIN DISTRICT,36,15985,4909,20894
BADIN DISTRICT,37,21875,5647,27522
BADIN DISTRICT,38,14798,4418,19216
BADIN DISTRICT,39,15786,4664,20450
BADIN DISTRICT,40,13658,3934,17592
BADIN DISTRICT,41,12320,3762,16082
BADIN DISTRICT,42,12552,3740,16292
BADIN DISTRICT,43,10908,3314,14222
BADIN DISTRICT,44,10128,3136,13264
BADIN DISTRICT,45,10130,2939,13069
BADIN DISTRICT,46,9455,2917,12372
BADIN DISTRICT,47,12006,3429,15435
BADIN DISTRICT,48,9318,2745,12063
BADIN DISTRICT,49,9602,2912,12514
BADIN DISTRICT,50,8807,2537,11344
BADIN DISTRICT,51,7572,2470,10042
BADIN DISTRICT,52,7232,2245,9477
BADIN DISTRICT,53,6050,1999,8049
BADIN DISTRICT,54,5460,1748,7208
BADIN DISTRICT,55,5522,1625,7147
BADIN DISTRICT,56,4609,1423,6032
BADIN DISTRICT,57,6157,1707,7864
BADIN DISTRICT,58,4971,1532,6503
BADIN DISTRICT,59,5462,1665,7127
BADIN DISTRICT,60,5781,1379,7160
BADIN DISTRICT,61,4881,1577,6458
BADIN DISTRICT,62,4974,1465,6439
BADIN DISTRICT,63,4697,1421,6118
BADIN DISTRICT,64,5038,1362,6400
BADIN DISTRICT,65,4376,1090,5466
BADIN DISTRICT,66,3523,1066,4589
BADIN DISTRICT,67,3621,1021,4642
BADIN DISTRICT,68,3107,910,4017
BADIN DISTRICT,69,3662,910,4572
BADIN DISTRICT,70,3217,742,3959
BADIN DISTRICT,71,2489,699,3188
BADIN DISTRICT,72,2132,568,2700
BADIN DISTRICT,73,2029,605,2634
BADIN DISTRICT,74,2237,531,2768
BADIN DISTRICT,>=75,14146,3636,17782
BAHAWALNAGAR DISTRICT,<1,56032,14032,70064
BAHAWALNAGAR DISTRICT,1,64966,15983,80949
BAHAWALNAGAR DISTRICT,2,66113,15483,81596
BAHAWALNAGAR DISTRICT,3,70154,16522,86676
BAHAWALNAGAR DISTRICT,4,71591,16204,87795
BAHAWALNAGAR DISTRICT,5,70068,16074,86142
BAHAWALNAGAR DISTRICT,6,67735,15834,83569
BAHAWALNAGAR DISTRICT,7,72420,16827,89247
BAHAWALNAGAR DISTRICT,8,68528,15032,83560
BAHAWALNAGAR DISTRICT,9,66168,16711,82879
BAHAWALNAGAR DISTRICT,10,62202,14004,76206
BAHAWALNAGAR DISTRICT,11,58360,16213,74573
BAHAWALNAGAR DISTRICT,12,54455,13325,67780
BAHAWALNAGAR DISTRICT,13,50243,14774,65017
BAHAWALNAGAR DISTRICT,14,49243,13410,62653
BAHAWALNAGAR DISTRICT,15,47597,13473,61070
BAHAWALNAGAR DISTRICT,16,47829,13298,61127
BAHAWALNAGAR DISTRICT,17,44990,13260,58250
BAHAWALNAGAR DISTRICT,18,45628,12073,57701
BAHAWALNAGAR DISTRICT,19,42142,13159,55301
BAHAWALNAGAR DISTRICT,20,44184,11135,55319
BAHAWALNAGAR DISTRICT,21,40140,12531,52671
BAHAWALNAGAR DISTRICT,22,40497,11430,51927
BAHAWALNAGAR DISTRICT,23,35937,10959,46896
BAHAWALNAGAR DISTRICT,24,34030,10728,44758
BAHAWALNAGAR DISTRICT,25,36697,9509,46206
BAHAWALNAGAR DISTRICT,26,34028,10436,44464
BAHAWALNAGAR DISTRICT,27,33563,10179,43742
BAHAWALNAGAR DISTRICT,28,34538,9856,44394
BAHAWALNAGAR DISTRICT,29,35619,10184,45803
BAHAWALNAGAR DISTRICT,30,34263,8702,42965
BAHAWALNAGAR DISTRICT,31,34084,9595,43679
BAHAWALNAGAR DISTRICT,32,31032,8810,39842
BAHAWALNAGAR DISTRICT,33,29001,8292,37293
BAHAWALNAGAR DISTRICT,34,28455,8181,36636
BAHAWALNAGAR DISTRICT,35,27404,6812,34216
BAHAWALNAGAR DISTRICT,36,28447,7586,36033
BAHAWALNAGAR DISTRICT,37,27847,7157,35004
BAHAWALNAGAR DISTRICT,38,24869,7223,32092
BAHAWALNAGAR DISTRICT,39,26274,7193,33467
BAHAWALNAGAR DISTRICT,40,22700,6267,28967
BAHAWALNAGAR DISTRICT,41,24862,6946,31808
BAHAWALNAGAR DISTRICT,42,22165,6369,28534
BAHAWALNAGAR DISTRICT,43,20310,6111,26421
BAHAWALNAGAR DISTRICT,44,20714,6198,26912
BAHAWALNAGAR DISTRICT,45,18204,4963,23167
BAHAWALNAGAR DISTRICT,46,21562,6023,27585
BAHAWALNAGAR DISTRICT,47,20544,5463,26007
BAHAWALNAGAR DISTRICT,48,19873,5680,25553
BAHAWALNAGAR DISTRICT,49,20703,5797,26500
BAHAWALNAGAR DISTRICT,50,17941,4874,22815
BAHAWALNAGAR DISTRICT,51,20704,5612,26316
BAHAWALNAGAR DISTRICT,52,18066,5149,23215
BAHAWALNAGAR DISTRICT,53,17157,4931,22088
BAHAWALNAGAR DISTRICT,54,15327,4521,19848
BAHAWALNAGAR DISTRICT,55,12646,3476,16122
BAHAWALNAGAR DISTRICT,56,13065,3715,16780
BAHAWALNAGAR DISTRICT,57,11728,2930,14658
BAHAWALNAGAR DISTRICT,58,10235,3002,13237
BAHAWALNAGAR DISTRICT,59,10778,3143,13921
BAHAWALNAGAR DISTRICT,60,10186,2481,12667
BAHAWALNAGAR DISTRICT,61,11413,3129,14542
BAHAWALNAGAR DISTRICT,62,10479,2777,13256
BAHAWALNAGAR DISTRICT,63,9699,2617,12316
BAHAWALNAGAR DISTRICT,64,9206,2281,11487
BAHAWALNAGAR DISTRICT,65,8685,1851,10536
BAHAWALNAGAR DISTRICT,66,8873,1932,10805
BAHAWALNAGAR DISTRICT,67,8015,1683,9698
BAHAWALNAGAR DISTRICT,68,7726,1719,9445
BAHAWALNAGAR DISTRICT,69,7189,1558,8747
BAHAWALNAGAR DISTRICT,70,6955,1405,8360
BAHAWALNAGAR DISTRICT,71,7251,1593,8844
BAHAWALNAGAR DISTRICT,72,6498,1407,7905
BAHAWALNAGAR DISTRICT,73,5550,1332,6882
BAHAWALNAGAR DISTRICT,74,4589,998,5587
BAHAWALNAGAR DISTRICT,>=75,36999,7564,44563
BAHAWALPUR DISTRICT,<1,65085,27520,92605
BAHAWALPUR DISTRICT,1,70779,29202,99981
BAHAWALPUR DISTRICT,2,72376,28437,100813
BAHAWALPUR DISTRICT,3,79318,31229,110547
BAHAWALPUR DISTRICT,4,82060,30915,112975
BAHAWALPUR DISTRICT,5,79539,30276,109815
BAHAWALPUR DISTRICT,6,76403,29280,105683
BAHAWALPUR DISTRICT,7,82267,32334,114601
BAHAWALPUR DISTRICT,8,80999,29240,110239
BAHAWALPUR DISTRICT,9,73708,31237,104945
BAHAWALPUR DISTRICT,10,71702,26872,98574
BAHAWALPUR DISTRICT,11,60172,29448,89620
BAHAWALPUR DISTRICT,12,61461,25562,87023
BAHAWALPUR DISTRICT,13,52427,26675,79102
BAHAWALPUR DISTRICT,14,51767,24563,76330
BAHAWALPUR DISTRICT,15,49195,24557,73752
BAHAWALPUR DISTRICT,16,48514,24291,72805
BAHAWALPUR DISTRICT,17,43711,25009,68720
BAHAWALPUR DISTRICT,18,50684,23829,74513
BAHAWALPUR DISTRICT,19,44495,25481,69976
BAHAWALPUR DISTRICT,20,48830,23273,72103
BAHAWALPUR DISTRICT,21,40830,25012,65842
BAHAWALPUR DISTRICT,22,42142,23068,65210
BAHAWALPUR DISTRICT,23,36396,22391,58787
BAHAWALPUR DISTRICT,24,35575,20766,56341
BAHAWALPUR DISTRICT,25,40373,19417,59790
BAHAWALPUR DISTRICT,26,36228,20391,56619
BAHAWALPUR DISTRICT,27,35858,20078,55936
BAHAWALPUR DISTRICT,28,36763,19505,56268
BAHAWALPUR DISTRICT,29,36974,20332,57306
BAHAWALPUR DISTRICT,30,35315,17741,53056
BAHAWALPUR DISTRICT,31,35262,18975,54237
BAHAWALPUR DISTRICT,32,31022,16890,47912
BAHAWALPUR DISTRICT,33,29310,16508,45818
BAHAWALPUR DISTRICT,34,31455,16016,47471
BAHAWALPUR DISTRICT,35,29506,14537,44043
BAHAWALPUR DISTRICT,36,34012,15678,49690
BAHAWALPUR DISTRICT,37,30532,13982,44514
BAHAWALPUR DISTRICT,38,27504,14810,42314
BAHAWALPUR DISTRICT,39,27325,14019,41344
BAHAWALPUR DISTRICT,40,23111,12492,35603
BAHAWALPUR DISTRICT,41,26993,12910,39903
BAHAWALPUR DISTRICT,42,23517,11659,35176
BAHAWALPUR DISTRICT,43,19709,11213,30922
BAHAWALPUR DISTRICT,44,20111,10763,30874
BAHAWALPUR DISTRICT,45,17593,9675,27268
BAHAWALPUR DISTRICT,46,21509,10176,31685
BAHAWALPUR DISTRICT,47,20296,9216,29512
BAHAWALPUR DISTRICT,48,18333,10080,28413
BAHAWALPUR DISTRICT,49,18557,9979,28536
BAHAWALPUR DISTRICT,50,16937,9038,25975
BAHAWALPUR DISTRICT,51,19465,9359,28824
BAHAWALPUR DISTRICT,52,16571,8531,25102
BAHAWALPUR DISTRICT,53,14859,8332,23191
BAHAWALPUR DISTRICT,54,13171,7489,20660
BAHAWALPUR DISTRICT,55,11564,6278,17842
BAHAWALPUR DISTRICT,56,12604,6460,19064
BAHAWALPUR DISTRICT,57,11479,5400,16879
BAHAWALPUR DISTRICT,58,9886,5576,15462
BAHAWALPUR DISTRICT,59,10079,5223,15302
BAHAWALPUR DISTRICT,60,10320,5131,15451
BAHAWALPUR DISTRICT,61,11912,5446,17358
BAHAWALPUR DISTRICT,62,10434,4919,15353
BAHAWALPUR DISTRICT,63,9635,4863,14498
BAHAWALPUR DISTRICT,64,8802,4097,12899
BAHAWALPUR DISTRICT,65,8419,3654,12073
BAHAWALPUR DISTRICT,66,9356,3198,12554
BAHAWALPUR DISTRICT,67,8360,3029,11389
BAHAWALPUR DISTRICT,68,6965,3023,9988
BAHAWALPUR DISTRICT,69,6480,2555,9035
BAHAWALPUR DISTRICT,70,6404,2452,8856
BAHAWALPUR DISTRICT,71,7033,2443,9476
BAHAWALPUR DISTRICT,72,5854,2293,8147
BAHAWALPUR DISTRICT,73,4945,2119,7064
BAHAWALPUR DISTRICT,74,4052,1575,5627
BAHAWALPUR DISTRICT,>=75,33825,12170,45995
BAJAUR AGENCY,<1,30685,0,30685
BAJAUR AGENCY,1,36721,0,36721
BAJAUR AGENCY,2,44064,0,44064
BAJAUR AGENCY,3,42255,0,42255
BAJAUR AGENCY,4,46862,0,46862
BAJAUR AGENCY,5,41145,0,41145
BAJAUR AGENCY,6,44794,0,44794
BAJAUR AGENCY,7,39417,0,39417
BAJAUR AGENCY,8,45065,0,45065
BAJAUR AGENCY,9,37742,0,37742
BAJAUR AGENCY,10,39489,0,39489
BAJAUR AGENCY,11,30649,0,30649
BAJAUR AGENCY,12,31941,0,31941
BAJAUR AGENCY,13,26605,0,26605
BAJAUR AGENCY,14,26520,0,26520
BAJAUR AGENCY,15,23843,0,23843
BAJAUR AGENCY,16,21305,0,21305
BAJAUR AGENCY,17,17063,0,17063
BAJAUR AGENCY,18,21063,0,21063
BAJAUR AGENCY,19,17700,0,17700
BAJAUR AGENCY,20,21307,0,21307
BAJAUR AGENCY,21,16948,0,16948
BAJAUR AGENCY,22,16584,0,16584
BAJAUR AGENCY,23,17824,0,17824
BAJAUR AGENCY,24,15544,0,15544
BAJAUR AGENCY,25,18303,0,18303
BAJAUR AGENCY,26,15973,0,15973
BAJAUR AGENCY,27,17488,0,17488
BAJAUR AGENCY,28,14750,0,14750
BAJAUR AGENCY,29,14759,0,14759
BAJAUR AGENCY,30,13713,0,13713
BAJAUR AGENCY,31,12559,0,12559
BAJAUR AGENCY,32,11282,0,11282
BAJAUR AGENCY,33,11758,0,11758
BAJAUR AGENCY,34,9295,0,9295
BAJAUR AGENCY,35,9603,0,9603
BAJAUR AGENCY,36,7867,0,7867
BAJAUR AGENCY,37,9290,0,9290
BAJAUR AGENCY,38,9122,0,9122
BAJAUR AGENCY,39,8468,0,8468
BAJAUR AGENCY,40,9423,0,9423
BAJAUR AGENCY,41,7669,0,7669
BAJAUR AGENCY,42,7101,0,7101
BAJAUR AGENCY,43,7315,0,7315
BAJAUR AGENCY,44,6395,0,6395
BAJAUR AGENCY,45,6550,0,6550
BAJAUR AGENCY,46,5260,0,5260
BAJAUR AGENCY,47,6038,0,6038
BAJAUR AGENCY,48,5786,0,5786
BAJAUR AGENCY,49,5378,0,5378
BAJAUR AGENCY,50,6677,0,6677
BAJAUR AGENCY,51,4778,0,4778
BAJAUR AGENCY,52,4628,0,4628
BAJAUR AGENCY,53,4748,0,4748
BAJAUR AGENCY,54,4297,0,4297
BAJAUR AGENCY,55,4662,0,4662
BAJAUR AGENCY,56,3333,0,3333
BAJAUR AGENCY,57,4178,0,4178
BAJAUR AGENCY,58,3528,0,3528
BAJAUR AGENCY,59,3174,0,3174
BAJAUR AGENCY,60,3981,0,3981
BAJAUR AGENCY,61,2724,0,2724
BAJAUR AGENCY,62,3036,0,3036
BAJAUR AGENCY,63,2856,0,2856
BAJAUR AGENCY,64,2637,0,2637
BAJAUR AGENCY,65,2664,0,2664
BAJAUR AGENCY,66,2071,0,2071
BAJAUR AGENCY,67,2737,0,2737
BAJAUR AGENCY,68,1928,0,1928
BAJAUR AGENCY,69,1748,0,1748
BAJAUR AGENCY,70,1994,0,1994
BAJAUR AGENCY,71,1351,0,1351
BAJAUR AGENCY,72,1469,0,1469
BAJAUR AGENCY,73,1235,0,1235
BAJAUR AGENCY,74,1144,0,1144
BAJAUR AGENCY,>=75,9129,0,9129
BAJAUR AGENCY,65 & ABOVE,38723,0,38723
BANNU DISTRICT,<1,29249,1008,30257
BANNU DISTRICT,1,33157,1043,34200
BANNU DISTRICT,2,39549,1232,40781
BANNU DISTRICT,3,41084,1308,42392
BANNU DISTRICT,4,42325,1275,43600
BANNU DISTRICT,5,41145,1307,42452
BANNU DISTRICT,6,40176,1230,41406
BANNU DISTRICT,7,38121,1376,39497
BANNU DISTRICT,8,39850,1194,41044
BANNU DISTRICT,9,34186,1260,35446
BANNU DISTRICT,10,35058,1157,36215
BANNU DISTRICT,11,28272,1217,29489
BANNU DISTRICT,12,29535,1100,30635
BANNU DISTRICT,13,26242,1186,27428
BANNU DISTRICT,14,25702,1103,26805
BANNU DISTRICT,15,25356,1094,26450
BANNU DISTRICT,16,23744,1092,24836
BANNU DISTRICT,17,21098,1160,22258
BANNU DISTRICT,18,24203,1036,25239
BANNU DISTRICT,19,19983,1070,21053
BANNU DISTRICT,20,23618,1013,24631
BANNU DISTRICT,21,18309,1067,19376
BANNU DISTRICT,22,19414,1028,20442
BANNU DISTRICT,23,17838,1005,18843
BANNU DISTRICT,24,16280,940,17220
BANNU DISTRICT,25,21404,1065,22469
BANNU DISTRICT,26,15904,956,16860
BANNU DISTRICT,27,16029,989,17018
BANNU DISTRICT,28,16900,963,17863
BANNU DISTRICT,29,14673,950,15623
BANNU DISTRICT,30,18132,926,19058
BANNU DISTRICT,31,12852,822,13674
BANNU DISTRICT,32,11364,757,12121
BANNU DISTRICT,33,11336,812,12148
BANNU DISTRICT,34,9101,629,9730
BANNU DISTRICT,35,12861,712,13573
BANNU DISTRICT,36,7963,571,8534
BANNU DISTRICT,37,8131,578,8709
BANNU DISTRICT,38,9659,643,10302
BANNU DISTRICT,39,8732,552,9284
BANNU DISTRICT,40,13225,679,13904
BANNU DISTRICT,41,8378,469,8847
BANNU DISTRICT,42,7511,495,8006
BANNU DISTRICT,43,8097,458,8555
BANNU DISTRICT,44,6605,394,6999
BANNU DISTRICT,45,9108,453,9561
BANNU DISTRICT,46,5949,301,6250
BANNU DISTRICT,47,6356,368,6724
BANNU DISTRICT,48,6612,330,6942
BANNU DISTRICT,49,6095,337,6432
BANNU DISTRICT,50,9603,474,10077
BANNU DISTRICT,51,5529,296,5825
BANNU DISTRICT,52,5382,308,5690
BANNU DISTRICT,53,5900,290,6190
BANNU DISTRICT,54,5200,286,5486
BANNU DISTRICT,55,6876,304,7180
BANNU DISTRICT,56,4342,210,4552
BANNU DISTRICT,57,4293,213,4506
BANNU DISTRICT,58,4716,212,4928
BANNU DISTRICT,59,4216,235,4451
BANNU DISTRICT,60,6088,233,6321
BANNU DISTRICT,61,4343,206,4549
BANNU DISTRICT,62,4086,160,4246
BANNU DISTRICT,63,4223,207,4430
BANNU DISTRICT,64,3524,173,3697
BANNU DISTRICT,65,3732,148,3880
BANNU DISTRICT,66,2438,123,2561
BANNU DISTRICT,67,2544,134,2678
BANNU DISTRICT,68,2350,104,2454
BANNU DISTRICT,69,2069,108,2177
BANNU DISTRICT,70,2480,102,2582
BANNU DISTRICT,71,1728,66,1794
BANNU DISTRICT,72,1625,57,1682
BANNU DISTRICT,73,1638,78,1716
BANNU DISTRICT,74,1242,49,1291
BANNU DISTRICT,>=75,10485,462,10947
BARKHAN DISTRICT,<1,5091,312,5403
BARKHAN DISTRICT,1,5374,326,5700
BARKHAN DISTRICT,2,7159,488,7647
BARKHAN DISTRICT,3,6170,386,6556
BARKHAN DISTRICT,4,7401,509,7910
BARKHAN DISTRICT,5,5932,391,6323
BARKHAN DISTRICT,6,7209,439,7648
BARKHAN DISTRICT,7,5056,350,5406
BARKHAN DISTRICT,8,6732,430,7162
BARKHAN DISTRICT,9,4720,346,5066
BARKHAN DISTRICT,10,5651,432,6083
BARKHAN DISTRICT,11,3304,332,3636
BARKHAN DISTRICT,12,3955,359,4314
BARKHAN DISTRICT,13,2567,273,2840
BARKHAN DISTRICT,14,3134,293,3427
BARKHAN DISTRICT,15,2529,265,2794
BARKHAN DISTRICT,16,2660,258,2918
BARKHAN DISTRICT,17,1836,261,2097
BARKHAN DISTRICT,18,3213,212,3425
BARKHAN DISTRICT,19,2147,202,2349
BARKHAN DISTRICT,20,2956,188,3144
BARKHAN DISTRICT,21,2001,182,2183
BARKHAN DISTRICT,22,1942,171,2113
BARKHAN DISTRICT,23,1864,162,2026
BARKHAN DISTRICT,24,1763,185,1948
BARKHAN DISTRICT,25,2826,166,2992
BARKHAN DISTRICT,26,1874,160,2034
BARKHAN DISTRICT,27,2101,176,2277
BARKHAN DISTRICT,28,2248,182,2430
BARKHAN DISTRICT,29,2482,204,2686
BARKHAN DISTRICT,30,2371,156,2527
BARKHAN DISTRICT,31,2198,185,2383
BARKHAN DISTRICT,32,1985,124,2109
BARKHAN DISTRICT,33,1654,149,1803
BARKHAN DISTRICT,34,1398,110,1508
BARKHAN DISTRICT,35,1693,96,1789
BARKHAN DISTRICT,36,1469,137,1606
BARKHAN DISTRICT,37,2133,141,2274
BARKHAN DISTRICT,38,1547,128,1675
BARKHAN DISTRICT,39,1596,135,1731
BARKHAN DISTRICT,40,1602,113,1715
BARKHAN DISTRICT,41,1288,145,1433
BARKHAN DISTRICT,42,1268,96,1364
BARKHAN DISTRICT,43,1008,89,1097
BARKHAN DISTRICT,44,887,65,952
BARKHAN DISTRICT,45,1127,72,1199
BARKHAN DISTRICT,46,1028,90,1118
BARKHAN DISTRICT,47,1390,95,1485
BARKHAN DISTRICT,48,881,101,982
BARKHAN DISTRICT,49,1003,82,1085
BARKHAN DISTRICT,50,1095,75,1170
BARKHAN DISTRICT,51,849,87,936
BARKHAN DISTRICT,52,788,62,850
BARKHAN DISTRICT,53,652,51,703
BARKHAN DISTRICT,54,630,52,682
BARKHAN DISTRICT,55,667,50,717
BARKHAN DISTRICT,56,570,66,636
BARKHAN DISTRICT,57,848,68,916
BARKHAN DISTRICT,58,487,45,532
BARKHAN DISTRICT,59,654,56,710
BARKHAN DISTRICT,60,660,49,709
BARKHAN DISTRICT,61,566,50,616
BARKHAN DISTRICT,62,515,34,549
BARKHAN DISTRICT,63,477,62,539
BARKHAN DISTRICT,64,589,44,633
BARKHAN DISTRICT,65,441,48,489
BARKHAN DISTRICT,66,327,39,366
BARKHAN DISTRICT,67,498,33,531
BARKHAN DISTRICT,68,341,29,370
BARKHAN DISTRICT,69,458,26,484
BARKHAN DISTRICT,70,371,22,393
BARKHAN DISTRICT,71,281,20,301
BARKHAN DISTRICT,72,252,18,270
BARKHAN DISTRICT,73,211,14,225
BARKHAN DISTRICT,74,287,13,300
BARKHAN DISTRICT,>=75,1887,139,2026
BATAGRAM DISTRICT,<1,14226,0,14226
BATAGRAM DISTRICT,1,14210,0,14210
BATAGRAM DISTRICT,2,16399,0,16399
BATAGRAM DISTRICT,3,16044,0,16044
BATAGRAM DISTRICT,4,17360,0,17360
BATAGRAM DISTRICT,5,15912,0,15912
BATAGRAM DISTRICT,6,16907,0,16907
BATAGRAM DISTRICT,7,16446,0,16446
BATAGRAM DISTRICT,8,17734,0,17734
BATAGRAM DISTRICT,9,15639,0,15639
BATAGRAM DISTRICT,10,15425,0,15425
BATAGRAM DISTRICT,11,13423,0,13423
BATAGRAM DISTRICT,12,13762,0,13762
BATAGRAM DISTRICT,13,12096,0,12096
BATAGRAM DISTRICT,14,11439,0,11439
BATAGRAM DISTRICT,15,11129,0,11129
BATAGRAM DISTRICT,16,10055,0,10055
BATAGRAM DISTRICT,17,9217,0,9217
BATAGRAM DISTRICT,18,9836,0,9836
BATAGRAM DISTRICT,19,9341,0,9341
BATAGRAM DISTRICT,20,9288,0,9288
BATAGRAM DISTRICT,21,8296,0,8296
BATAGRAM DISTRICT,22,7412,0,7412
BATAGRAM DISTRICT,23,6711,0,6711
BATAGRAM DISTRICT,24,6607,0,6607
BATAGRAM DISTRICT,25,6892,0,6892
BATAGRAM DISTRICT,26,7019,0,7019
BATAGRAM DISTRICT,27,5829,0,5829
BATAGRAM DISTRICT,28,6070,0,6070
BATAGRAM DISTRICT,29,6501,0,6501
BATAGRAM DISTRICT,30,5840,0,5840
BATAGRAM DISTRICT,31,7030,0,7030
BATAGRAM DISTRICT,32,5197,0,5197
BATAGRAM DISTRICT,33,4969,0,4969
BATAGRAM DISTRICT,34,4698,0,4698
BATAGRAM DISTRICT,35,3979,0,3979
BATAGRAM DISTRICT,36,5530,0,5530
BATAGRAM DISTRICT,37,4419,0,4419
BATAGRAM DISTRICT,38,4156,0,4156
BATAGRAM DISTRICT,39,3911,0,3911
BATAGRAM DISTRICT,40,3511,0,3511
BATAGRAM DISTRICT,41,4598,0,4598
BATAGRAM DISTRICT,42,3375,0,3375
BATAGRAM DISTRICT,43,3380,0,3380
BATAGRAM DISTRICT,44,3246,0,3246
BATAGRAM DISTRICT,45,2449,0,2449
BATAGRAM DISTRICT,46,3660,0,3660
BATAGRAM DISTRICT,47,2797,0,2797
BATAGRAM DISTRICT,48,2828,0,2828
BATAGRAM DISTRICT,49,2794,0,2794
BATAGRAM DISTRICT,50,2370,0,2370
BATAGRAM DISTRICT,51,2983,0,2983
BATAGRAM DISTRICT,52,2162,0,2162
BATAGRAM DISTRICT,53,2394,0,2394
BATAGRAM DISTRICT,54,2037,0,2037
BATAGRAM DISTRICT,55,1564,0,1564
BATAGRAM DISTRICT,56,1941,0,1941
BATAGRAM DISTRICT,57,1513,0,1513
BATAGRAM DISTRICT,58,1481,0,1481
BATAGRAM DISTRICT,59,1552,0,1552
BATAGRAM DISTRICT,60,1504,0,1504
BATAGRAM DISTRICT,61,2093,0,2093
BATAGRAM DISTRICT,62,1601,0,1601
BATAGRAM DISTRICT,63,1624,0,1624
BATAGRAM DISTRICT,64,1512,0,1512
BATAGRAM DISTRICT,65,1121,0,1121
BATAGRAM DISTRICT,66,1885,0,1885
BATAGRAM DISTRICT,67,1443,0,1443
BATAGRAM DISTRICT,68,1256,0,1256
BATAGRAM DISTRICT,69,1076,0,1076
BATAGRAM DISTRICT,70,993,0,993
BATAGRAM DISTRICT,71,1587,0,1587
BATAGRAM DISTRICT,72,1142,0,1142
BATAGRAM DISTRICT,73,876,0,876
BATAGRAM DISTRICT,74,705,0,705
BATAGRAM DISTRICT,>=75,6742,0,6742
BHAKKAR DISTRICT,<1,32109,5849,37958
BHAKKAR DISTRICT,1,37150,6284,43434
BHAKKAR DISTRICT,2,38574,6468,45042
BHAKKAR DISTRICT,3,41478,6712,48190
BHAKKAR DISTRICT,4,42651,6635,49286
BHAKKAR DISTRICT,5,40896,6522,47418
BHAKKAR DISTRICT,6,38581,6210,44791
BHAKKAR DISTRICT,7,41966,6512,48478
BHAKKAR DISTRICT,8,39520,6123,45643
BHAKKAR DISTRICT,9,39146,6735,45881
BHAKKAR DISTRICT,10,36105,5555,41660
BHAKKAR DISTRICT,11,34805,6651,41456
BHAKKAR DISTRICT,12,32658,5542,38200
BHAKKAR DISTRICT,13,31043,6113,37156
BHAKKAR DISTRICT,14,30608,5694,36302
BHAKKAR DISTRICT,15,29993,5765,35758
BHAKKAR DISTRICT,16,30330,5773,36103
BHAKKAR DISTRICT,17,30474,6113,36587
BHAKKAR DISTRICT,18,26564,5167,31731
BHAKKAR DISTRICT,19,26095,5779,31874
BHAKKAR DISTRICT,20,25829,5021,30850
BHAKKAR DISTRICT,21,24953,5698,30651
BHAKKAR DISTRICT,22,23556,4939,28495
BHAKKAR DISTRICT,23,23560,5144,28704
BHAKKAR DISTRICT,24,22720,4970,27690
BHAKKAR DISTRICT,25,21718,4396,26114
BHAKKAR DISTRICT,26,22482,4580,27062
BHAKKAR DISTRICT,27,21975,4682,26657
BHAKKAR DISTRICT,28,20180,4287,24467
BHAKKAR DISTRICT,29,21199,4363,25562
BHAKKAR DISTRICT,30,18273,3492,21765
BHAKKAR DISTRICT,31,19017,3888,22905
BHAKKAR DISTRICT,32,17222,3557,20779
BHAKKAR DISTRICT,33,15886,3320,19206
BHAKKAR DISTRICT,34,17760,3410,21170
BHAKKAR DISTRICT,35,15912,3017,18929
BHAKKAR DISTRICT,36,18814,3348,22162
BHAKKAR DISTRICT,37,17398,3133,20531
BHAKKAR DISTRICT,38,14996,2995,17991
BHAKKAR DISTRICT,39,15472,3001,18473
BHAKKAR DISTRICT,40,12215,2421,14636
BHAKKAR DISTRICT,41,14021,2652,16673
BHAKKAR DISTRICT,42,12323,2403,14726
BHAKKAR DISTRICT,43,11718,2370,14088
BHAKKAR DISTRICT,44,11740,2354,14094
BHAKKAR DISTRICT,45,9911,1903,11814
BHAKKAR DISTRICT,46,12314,2310,14624
BHAKKAR DISTRICT,47,11550,2167,13717
BHAKKAR DISTRICT,48,11114,2299,13413
BHAKKAR DISTRICT,49,11612,2378,13990
BHAKKAR DISTRICT,50,9924,2036,11960
BHAKKAR DISTRICT,51,11672,2245,13917
BHAKKAR DISTRICT,52,9944,2004,11948
BHAKKAR DISTRICT,53,10070,2029,12099
BHAKKAR DISTRICT,54,9148,1886,11034
BHAKKAR DISTRICT,55,7062,1556,8618
BHAKKAR DISTRICT,56,7497,1732,9229
BHAKKAR DISTRICT,57,6311,1433,7744
BHAKKAR DISTRICT,58,5819,1356,7175
BHAKKAR DISTRICT,59,6103,1356,7459
BHAKKAR DISTRICT,60,5426,1072,6498
BHAKKAR DISTRICT,61,6344,1306,7650
BHAKKAR DISTRICT,62,5805,1276,7081
BHAKKAR DISTRICT,63,5785,1247,7032
BHAKKAR DISTRICT,64,5621,1060,6681
BHAKKAR DISTRICT,65,4537,750,5287
BHAKKAR DISTRICT,66,5100,846,5946
BHAKKAR DISTRICT,67,4458,731,5189
BHAKKAR DISTRICT,68,4116,759,4875
BHAKKAR DISTRICT,69,4247,622,4869
BHAKKAR DISTRICT,70,3278,528,3806
BHAKKAR DISTRICT,71,3908,608,4516
BHAKKAR DISTRICT,72,3071,528,3599
BHAKKAR DISTRICT,73,2855,539,3394
BHAKKAR DISTRICT,74,2483,373,2856
BHAKKAR DISTRICT,>=75,19428,3076,22504
BUNER DISTRICT,<1,23286,0,23286
BUNER DISTRICT,1,25783,0,25783
BUNER DISTRICT,2,29015,0,29015
BUNER DISTRICT,3,30389,0,30389
BUNER DISTRICT,4,31130,0,31130
BUNER DISTRICT,5,31170,0,31170
BUNER DISTRICT,6,28704,0,28704
BUNER DISTRICT,7,29976,0,29976
BUNER DISTRICT,8,29886,0,29886
BUNER DISTRICT,9,28897,0,28897
BUNER DISTRICT,10,26991,0,26991
BUNER DISTRICT,11,26095,0,26095
BUNER DISTRICT,12,24331,0,24331
BUNER DISTRICT,13,24994,0,24994
BUNER DISTRICT,14,22695,0,22695
BUNER DISTRICT,15,23348,0,23348
BUNER DISTRICT,16,20885,0,20885
BUNER DISTRICT,17,21274,0,21274
BUNER DISTRICT,18,19616,0,19616
BUNER DISTRICT,19,18024,0,18024
BUNER DISTRICT,20,18108,0,18108
BUNER DISTRICT,21,14949,0,14949
BUNER DISTRICT,22,14028,0,14028
BUNER DISTRICT,23,13200,0,13200
BUNER DISTRICT,24,12117,0,12117
BUNER DISTRICT,25,14765,0,14765
BUNER DISTRICT,26,14013,0,14013
BUNER DISTRICT,27,14001,0,14001
BUNER DISTRICT,28,12605,0,12605
BUNER DISTRICT,29,12272,0,12272
BUNER DISTRICT,30,12349,0,12349
BUNER DISTRICT,31,10869,0,10869
BUNER DISTRICT,32,9073,0,9073
BUNER DISTRICT,33,9257,0,9257
BUNER DISTRICT,34,8458,0,8458
BUNER DISTRICT,35,9137,0,9137
BUNER DISTRICT,36,8584,0,8584
BUNER DISTRICT,37,8567,0,8567
BUNER DISTRICT,38,7920,0,7920
BUNER DISTRICT,39,7443,0,7443
BUNER DISTRICT,40,8415,0,8415
BUNER DISTRICT,41,7391,0,7391
BUNER DISTRICT,42,6639,0,6639
BUNER DISTRICT,43,6452,0,6452
BUNER DISTRICT,44,5998,0,5998
BUNER DISTRICT,45,5735,0,5735
BUNER DISTRICT,46,5691,0,5691
BUNER DISTRICT,47,5332,0,5332
BUNER DISTRICT,48,5077,0,5077
BUNER DISTRICT,49,4804,0,4804
BUNER DISTRICT,50,5408,0,5408
BUNER DISTRICT,51,4566,0,4566
BUNER DISTRICT,52,4238,0,4238
BUNER DISTRICT,53,3987,0,3987
BUNER DISTRICT,54,3853,0,3853
BUNER DISTRICT,55,3865,0,3865
BUNER DISTRICT,56,3124,0,3124
BUNER DISTRICT,57,2730,0,2730
BUNER DISTRICT,58,3029,0,3029
BUNER DISTRICT,59,3253,0,3253
BUNER DISTRICT,60,3653,0,3653
BUNER DISTRICT,61,3417,0,3417
BUNER DISTRICT,62,2925,0,2925
BUNER DISTRICT,63,3006,0,3006
BUNER DISTRICT,64,2878,0,2878
BUNER DISTRICT,65,2729,0,2729
BUNER DISTRICT,66,2570,0,2570
BUNER DISTRICT,67,2064,0,2064
BUNER DISTRICT,68,2212,0,2212
BUNER DISTRICT,69,2350,0,2350
BUNER DISTRICT,70,2403,0,2403
BUNER DISTRICT,71,2114,0,2114
BUNER DISTRICT,72,1589,0,1589
BUNER DISTRICT,73,1591,0,1591
BUNER DISTRICT,74,1475,0,1475
BUNER DISTRICT,>=75,10693,0,10693
CHAGAI DISTRICT,<1,5121,354,5475
CHAGAI DISTRICT,1,8031,530,8561
CHAGAI DISTRICT,2,8699,560,9259
CHAGAI DISTRICT,3,8131,553,8684
CHAGAI DISTRICT,4,8009,520,8529
CHAGAI DISTRICT,5,7696,522,8218
CHAGAI DISTRICT,6,7314,459,7773
CHAGAI DISTRICT,7,8015,551,8566
CHAGAI DISTRICT,8,7550,454,8004
CHAGAI DISTRICT,9,6940,493,7433
CHAGAI DISTRICT,10,6905,400,7305
CHAGAI DISTRICT,11,6036,506,6542
CHAGAI DISTRICT,12,5456,371,5827
CHAGAI DISTRICT,13,5400,421,5821
CHAGAI DISTRICT,14,4861,356,5217
CHAGAI DISTRICT,15,4626,379,5005
CHAGAI DISTRICT,16,4100,348,4448
CHAGAI DISTRICT,17,4214,346,4560
CHAGAI DISTRICT,18,4320,350,4670
CHAGAI DISTRICT,19,4205,380,4585
CHAGAI DISTRICT,20,3925,305,4230
CHAGAI DISTRICT,21,3759,327,4086
CHAGAI DISTRICT,22,3123,273,3396
CHAGAI DISTRICT,23,3091,304,3395
CHAGAI DISTRICT,24,2709,258,2967
CHAGAI DISTRICT,25,3499,259,3758
CHAGAI DISTRICT,26,2543,251,2794
CHAGAI DISTRICT,27,3406,321,3727
CHAGAI DISTRICT,28,2784,264,3048
CHAGAI DISTRICT,29,3454,304,3758
CHAGAI DISTRICT,30,2638,187,2825
CHAGAI DISTRICT,31,2891,248,3139
CHAGAI DISTRICT,32,2678,217,2895
CHAGAI DISTRICT,33,2338,193,2531
CHAGAI DISTRICT,34,2387,191,2578
CHAGAI DISTRICT,35,2372,196,2568
CHAGAI DISTRICT,36,1867,177,2044
CHAGAI DISTRICT,37,2855,249,3104
CHAGAI DISTRICT,38,1741,175,1916
CHAGAI DISTRICT,39,2121,174,2295
CHAGAI DISTRICT,40,1375,110,1485
CHAGAI DISTRICT,41,1464,131,1595
CHAGAI DISTRICT,42,1585,145,1730
CHAGAI DISTRICT,43,1243,109,1352
CHAGAI DISTRICT,44,1235,98,1333
CHAGAI DISTRICT,45,1090,99,1189
CHAGAI DISTRICT,46,993,81,1074
CHAGAI DISTRICT,47,1619,141,1760
CHAGAI DISTRICT,48,966,102,1068
CHAGAI DISTRICT,49,1227,129,1356
CHAGAI DISTRICT,50,918,75,993
CHAGAI DISTRICT,51,1038,99,1137
CHAGAI DISTRICT,52,1039,84,1123
CHAGAI DISTRICT,53,820,68,888
CHAGAI DISTRICT,54,780,77,857
CHAGAI DISTRICT,55,557,43,600
CHAGAI DISTRICT,56,450,36,486
CHAGAI DISTRICT,57,851,80,931
CHAGAI DISTRICT,58,506,51,557
CHAGAI DISTRICT,59,761,73,834
CHAGAI DISTRICT,60,493,25,518
CHAGAI DISTRICT,61,613,89,702
CHAGAI DISTRICT,62,556,69,625
CHAGAI DISTRICT,63,454,49,503
CHAGAI DISTRICT,64,690,51,741
CHAGAI DISTRICT,65,364,28,392
CHAGAI DISTRICT,66,333,31,364
CHAGAI DISTRICT,67,521,60,581
CHAGAI DISTRICT,68,310,38,348
CHAGAI DISTRICT,69,470,38,508
CHAGAI DISTRICT,70,254,13,267
CHAGAI DISTRICT,71,290,20,310
CHAGAI DISTRICT,72,306,31,337
CHAGAI DISTRICT,73,206,18,224
CHAGAI DISTRICT,74,267,18,285
CHAGAI DISTRICT,>=75,1798,130,1928
CHAKWAL DISTRICT,<1,25352,5702,31054
CHAKWAL DISTRICT,1,27242,6189,33431
CHAKWAL DISTRICT,2,26815,6395,33210
CHAKWAL DISTRICT,3,28644,6892,35536
CHAKWAL DISTRICT,4,26448,6184,32632
CHAKWAL DISTRICT,5,26810,6423,33233
CHAKWAL DISTRICT,6,25968,6439,32407
CHAKWAL DISTRICT,7,27257,6729,33986
CHAKWAL DISTRICT,8,23919,5763,29682
CHAKWAL DISTRICT,9,28065,6847,34912
CHAKWAL DISTRICT,10,21988,5220,27208
CHAKWAL DISTRICT,11,27705,6511,34216
CHAKWAL DISTRICT,12,22844,5415,28259
CHAKWAL DISTRICT,13,25742,6175,31917
CHAKWAL DISTRICT,14,22734,5494,28228
CHAKWAL DISTRICT,15,23513,6073,29586
CHAKWAL DISTRICT,16,24289,6194,30483
CHAKWAL DISTRICT,17,25863,6777,32640
CHAKWAL DISTRICT,18,19392,4790,24182
CHAKWAL DISTRICT,19,24593,5765,30358
CHAKWAL DISTRICT,20,18590,4477,23067
CHAKWAL DISTRICT,21,24101,5648,29749
CHAKWAL DISTRICT,22,19757,4781,24538
CHAKWAL DISTRICT,23,22260,5299,27559
CHAKWAL DISTRICT,24,21225,5230,26455
CHAKWAL DISTRICT,25,17027,4090,21117
CHAKWAL DISTRICT,26,20333,5043,25376
CHAKWAL DISTRICT,27,19877,4880,24757
CHAKWAL DISTRICT,28,18218,4531,22749
CHAKWAL DISTRICT,29,19606,4824,24430
CHAKWAL DISTRICT,30,16264,4028,20292
CHAKWAL DISTRICT,31,19584,4765,24349
CHAKWAL DISTRICT,32,17522,4505,22027
CHAKWAL DISTRICT,33,17846,4266,22112
CHAKWAL DISTRICT,34,17135,4194,21329
CHAKWAL DISTRICT,35,13620,3548,17168
CHAKWAL DISTRICT,36,16233,3983,20216
CHAKWAL DISTRICT,37,14557,3564,18121
CHAKWAL DISTRICT,38,16394,4135,20529
CHAKWAL DISTRICT,39,15091,3645,18736
CHAKWAL DISTRICT,40,12350,3207,15557
CHAKWAL DISTRICT,41,13484,3219,16703
CHAKWAL DISTRICT,42,12221,3049,15270
CHAKWAL DISTRICT,43,12513,3170,15683
CHAKWAL DISTRICT,44,11845,2781,14626
CHAKWAL DISTRICT,45,9929,2603,12532
CHAKWAL DISTRICT,46,11482,2635,14117
CHAKWAL DISTRICT,47,10274,2347,12621
CHAKWAL DISTRICT,48,12249,2840,15089
CHAKWAL DISTRICT,49,11730,2534,14264
CHAKWAL DISTRICT,50,10418,2558,12976
CHAKWAL DISTRICT,51,11612,2436,14048
CHAKWAL DISTRICT,52,11103,2490,13593
CHAKWAL DISTRICT,53,11744,2402,14146
CHAKWAL DISTRICT,54,10475,2205,12680
CHAKWAL DISTRICT,55,8684,2020,10704
CHAKWAL DISTRICT,56,8984,1883,10867
CHAKWAL DISTRICT,57,8070,1758,9828
CHAKWAL DISTRICT,58,8714,1854,10568
CHAKWAL DISTRICT,59,8283,1671,9954
CHAKWAL DISTRICT,60,7176,1621,8797
CHAKWAL DISTRICT,61,8613,1814,10427
CHAKWAL DISTRICT,62,8581,1607,10188
CHAKWAL DISTRICT,63,8407,1682,10089
CHAKWAL DISTRICT,64,7691,1424,9115
CHAKWAL DISTRICT,65,6145,1220,7365
CHAKWAL DISTRICT,66,6290,1128,7418
CHAKWAL DISTRICT,67,5812,1089,6901
CHAKWAL DISTRICT,68,6414,1064,7478
CHAKWAL DISTRICT,69,5522,1010,6532
CHAKWAL DISTRICT,70,4660,898,5558
CHAKWAL DISTRICT,71,4939,883,5822
CHAKWAL DISTRICT,72,4829,754,5583
CHAKWAL DISTRICT,73,4548,759,5307
CHAKWAL DISTRICT,74,3584,569,4153
CHAKWAL DISTRICT,>=75,32057,5011,37068
CHARSADDA DISTRICT,<1,35795,6999,42794
CHARSADDA DISTRICT,1,36911,6963,43874
CHARSADDA DISTRICT,2,40675,7400,48075
CHARSADDA DISTRICT,3,43258,7960,51218
CHARSADDA DISTRICT,4,44476,8005,52481
CHARSADDA DISTRICT,5,42551,7995,50546
CHARSADDA DISTRICT,6,42048,7614,49662
CHARSADDA DISTRICT,7,42592,7845,50437
CHARSADDA DISTRICT,8,42107,7428,49535
CHARSADDA DISTRICT,9,40135,7767,47902
CHARSADDA DISTRICT,10,37843,6723,44566
CHARSADDA DISTRICT,11,34866,6779,41645
CHARSADDA DISTRICT,12,33397,6317,39714
CHARSADDA DISTRICT,13,34076,6644,40720
CHARSADDA DISTRICT,14,32840,6202,39042
CHARSADDA DISTRICT,15,32042,5842,37884
CHARSADDA DISTRICT,16,28869,5662,34531
CHARSADDA DISTRICT,17,28699,5838,34537
CHARSADDA DISTRICT,18,26186,5084,31270
CHARSADDA DISTRICT,19,25285,5436,30721
CHARSADDA DISTRICT,20,26878,5296,32174
CHARSADDA DISTRICT,21,23874,5282,29156
CHARSADDA DISTRICT,22,22955,4771,27726
CHARSADDA DISTRICT,23,22195,4807,27002
CHARSADDA DISTRICT,24,21671,4561,26232
CHARSADDA DISTRICT,25,22925,4452,27377
CHARSADDA DISTRICT,26,21713,4550,26263
CHARSADDA DISTRICT,27,21482,4562,26044
CHARSADDA DISTRICT,28,19049,4094,23143
CHARSADDA DISTRICT,29,20200,4390,24590
CHARSADDA DISTRICT,30,19233,3998,23231
CHARSADDA DISTRICT,31,18741,4021,22762
CHARSADDA DISTRICT,32,16402,3586,19988
CHARSADDA DISTRICT,33,15818,3643,19461
CHARSADDA DISTRICT,34,14246,3320,17566
CHARSADDA DISTRICT,35,13359,2938,16297
CHARSADDA DISTRICT,36,13037,2838,15875
CHARSADDA DISTRICT,37,13928,2854,16782
CHARSADDA DISTRICT,38,12107,2847,14954
CHARSADDA DISTRICT,39,12677,2788,15465
CHARSADDA DISTRICT,40,12336,2721,15057
CHARSADDA DISTRICT,41,12156,2623,14779
CHARSADDA DISTRICT,42,11144,2385,13529
CHARSADDA DISTRICT,43,10258,2465,12723
CHARSADDA DISTRICT,44,9693,2239,11932
CHARSADDA DISTRICT,45,8588,1894,10482
CHARSADDA DISTRICT,46,9392,2199,11591
CHARSADDA DISTRICT,47,9874,2093,11967
CHARSADDA DISTRICT,48,7979,1941,9920
CHARSADDA DISTRICT,49,8569,1999,10568
CHARSADDA DISTRICT,50,8423,1829,10252
CHARSADDA DISTRICT,51,8402,1930,10332
CHARSADDA DISTRICT,52,7798,1723,9521
CHARSADDA DISTRICT,53,7160,1624,8784
CHARSADDA DISTRICT,54,6296,1457,7753
CHARSADDA DISTRICT,55,5782,1271,7053
CHARSADDA DISTRICT,56,5941,1422,7363
CHARSADDA DISTRICT,57,6716,1304,8020
CHARSADDA DISTRICT,58,5954,1387,7341
CHARSADDA DISTRICT,59,6557,1420,7977
CHARSADDA DISTRICT,60,5841,1282,7123
CHARSADDA DISTRICT,61,5809,1394,7203
CHARSADDA DISTRICT,62,5066,1173,6239
CHARSADDA DISTRICT,63,5371,1307,6678
CHARSADDA DISTRICT,64,5713,1128,6841
CHARSADDA DISTRICT,65,3912,892,4804
CHARSADDA DISTRICT,66,3675,911,4586
CHARSADDA DISTRICT,67,3716,774,4490
CHARSADDA DISTRICT,68,3441,771,4212
CHARSADDA DISTRICT,69,4153,764,4917
CHARSADDA DISTRICT,70,2881,638,3519
CHARSADDA DISTRICT,71,2628,605,3233
CHARSADDA DISTRICT,72,2259,494,2753
CHARSADDA DISTRICT,73,2368,511,2879
CHARSADDA DISTRICT,74,2274,415,2689
CHARSADDA DISTRICT,>=75,15490,3118,18608
CHINIOT DISTRICT,<1,25391,10153,35544
CHINIOT DISTRICT,1,24666,10718,35384
CHINIOT DISTRICT,2,25927,10336,36263
CHINIOT DISTRICT,3,29004,11312,40316
CHINIOT DISTRICT,4,29889,10856,40745
CHINIOT DISTRICT,5,27954,11176,39130
CHINIOT DISTRICT,6,27431,10770,38201
CHINIOT DISTRICT,7,28012,11708,39720
CHINIOT DISTRICT,8,28077,10541,38618
CHINIOT DISTRICT,9,25856,11305,37161
CHINIOT DISTRICT,10,24568,9450,34018
CHINIOT DISTRICT,11,21170,10610,31780
CHINIOT DISTRICT,12,20533,9035,29568
CHINIOT DISTRICT,13,18977,9545,28522
CHINIOT DISTRICT,14,18526,8700,27226
CHINIOT DISTRICT,15,17995,8750,26745
CHINIOT DISTRICT,16,18062,8715,26777
CHINIOT DISTRICT,17,19565,8783,28348
CHINIOT DISTRICT,18,16582,7988,24570
CHINIOT DISTRICT,19,16164,8610,24774
CHINIOT DISTRICT,20,16836,7428,24264
CHINIOT DISTRICT,21,14838,8282,23120
CHINIOT DISTRICT,22,15121,7482,22603
CHINIOT DISTRICT,23,14308,7678,21986
CHINIOT DISTRICT,24,14470,7425,21895
CHINIOT DISTRICT,25,15721,6863,22584
CHINIOT DISTRICT,26,13828,7465,21293
CHINIOT DISTRICT,27,13979,7342,21321
CHINIOT DISTRICT,28,13408,6760,20168
CHINIOT DISTRICT,29,13926,7299,21225
CHINIOT DISTRICT,30,13203,6045,19248
CHINIOT DISTRICT,31,12446,6685,19131
CHINIOT DISTRICT,32,12132,6026,18158
CHINIOT DISTRICT,33,10758,5966,16724
CHINIOT DISTRICT,34,10894,5809,16703
CHINIOT DISTRICT,35,11471,4607,16078
CHINIOT DISTRICT,36,11338,5415,16753
CHINIOT DISTRICT,37,12105,5567,17672
CHINIOT DISTRICT,38,9704,4885,14589
CHINIOT DISTRICT,39,10993,5139,16132
CHINIOT DISTRICT,40,9262,3976,13238
CHINIOT DISTRICT,41,9414,4555,13969
CHINIOT DISTRICT,42,9591,4135,13726
CHINIOT DISTRICT,43,7656,3984,11640
CHINIOT DISTRICT,44,7428,3843,11271
CHINIOT DISTRICT,45,7191,3028,10219
CHINIOT DISTRICT,46,7907,3778,11685
CHINIOT DISTRICT,47,9101,3878,12979
CHINIOT DISTRICT,48,7581,3503,11084
CHINIOT DISTRICT,49,8149,3652,11801
CHINIOT DISTRICT,50,7255,2917,10172
CHINIOT DISTRICT,51,8194,3860,12054
CHINIOT DISTRICT,52,8353,3562,11915
CHINIOT DISTRICT,53,6776,3074,9850
CHINIOT DISTRICT,54,6108,2854,8962
CHINIOT DISTRICT,55,5348,2157,7505
CHINIOT DISTRICT,56,5886,2594,8480
CHINIOT DISTRICT,57,6470,2488,8958
CHINIOT DISTRICT,58,4449,2007,6456
CHINIOT DISTRICT,59,4889,2184,7073
CHINIOT DISTRICT,60,4536,1726,6262
CHINIOT DISTRICT,61,5022,2259,7281
CHINIOT DISTRICT,62,5256,2186,7442
CHINIOT DISTRICT,63,4362,1958,6320
CHINIOT DISTRICT,64,4271,1712,5983
CHINIOT DISTRICT,65,3839,1319,5158
CHINIOT DISTRICT,66,4130,1522,5652
CHINIOT DISTRICT,67,4477,1487,5964
CHINIOT DISTRICT,68,3186,1198,4384
CHINIOT DISTRICT,69,3413,1168,4581
CHINIOT DISTRICT,70,3162,937,4099
CHINIOT DISTRICT,71,3047,1102,4149
CHINIOT DISTRICT,72,2959,1025,3984
CHINIOT DISTRICT,73,2317,851,3168
CHINIOT DISTRICT,74,2157,720,2877
CHINIOT DISTRICT,>=75,17459,5802,23261
CHITRAL DISTRICT,<1,11251,1231,12482
CHITRAL DISTRICT,1,11021,1147,12168
CHITRAL DISTRICT,2,10640,1213,11853
CHITRAL DISTRICT,3,10635,1246,11881
CHITRAL DISTRICT,4,10855,1185,12040
CHITRAL DISTRICT,5,10480,1189,11669
CHITRAL DISTRICT,6,9675,1045,10720
CHITRAL DISTRICT,7,10183,1120,11303
CHITRAL DISTRICT,8,9502,960,10462
CHITRAL DISTRICT,9,10683,1154,11837
CHITRAL DISTRICT,10,8604,1058,9662
CHITRAL DISTRICT,11,10314,1080,11394
CHITRAL DISTRICT,12,8669,1075,9744
CHITRAL DISTRICT,13,9772,1211,10983
CHITRAL DISTRICT,14,9224,1094,10318
CHITRAL DISTRICT,15,9642,1193,10835
CHITRAL DISTRICT,16,8860,1154,10014
CHITRAL DISTRICT,17,9217,1442,10659
CHITRAL DISTRICT,18,8917,1217,10134
CHITRAL DISTRICT,19,9547,1305,10852
CHITRAL DISTRICT,20,7608,1021,8629
CHITRAL DISTRICT,21,8395,1081,9476
CHITRAL DISTRICT,22,6785,875,7660
CHITRAL DISTRICT,23,7548,996,8544
CHITRAL DISTRICT,24,6832,926,7758
CHITRAL DISTRICT,25,6496,973,7469
CHITRAL DISTRICT,26,6426,854,7280
CHITRAL DISTRICT,27,6744,920,7664
CHITRAL DISTRICT,28,5446,794,6240
CHITRAL DISTRICT,29,6385,829,7214
CHITRAL DISTRICT,30,4718,780,5498
CHITRAL DISTRICT,31,5549,733,6282
CHITRAL DISTRICT,32,4484,718,5202
CHITRAL DISTRICT,33,4702,648,5350
CHITRAL DISTRICT,34,4353,602,4955
CHITRAL DISTRICT,35,3811,646,4457
CHITRAL DISTRICT,36,3925,567,4492
CHITRAL DISTRICT,37,4439,580,5019
CHITRAL DISTRICT,38,3472,555,4027
CHITRAL DISTRICT,39,3906,555,4461
CHITRAL DISTRICT,40,3120,570,3690
CHITRAL DISTRICT,41,3598,489,4087
CHITRAL DISTRICT,42,3460,409,3869
CHITRAL DISTRICT,43,3417,491,3908
CHITRAL DISTRICT,44,3063,398,3461
CHITRAL DISTRICT,45,2618,455,3073
CHITRAL DISTRICT,46,3341,391,3732
CHITRAL DISTRICT,47,3683,359,4042
CHITRAL DISTRICT,48,3293,377,3670
CHITRAL DISTRICT,49,3258,415,3673
CHITRAL DISTRICT,50,2645,480,3125
CHITRAL DISTRICT,51,3213,376,3589
CHITRAL DISTRICT,52,2403,311,2714
CHITRAL DISTRICT,53,2863,342,3205
CHITRAL DISTRICT,54,2219,300,2519
CHITRAL DISTRICT,55,1961,314,2275
CHITRAL DISTRICT,56,2033,251,2284
CHITRAL DISTRICT,57,1987,250,2237
CHITRAL DISTRICT,58,1987,232,2219
CHITRAL DISTRICT,59,2344,281,2625
CHITRAL DISTRICT,60,1922,272,2194
CHITRAL DISTRICT,61,2854,301,3155
CHITRAL DISTRICT,62,2023,260,2283
CHITRAL DISTRICT,63,2160,234,2394
CHITRAL DISTRICT,64,1796,214,2010
CHITRAL DISTRICT,65,1482,172,1654
CHITRAL DISTRICT,66,2196,170,2366
CHITRAL DISTRICT,67,1629,207,1836
CHITRAL DISTRICT,68,1379,123,1502
CHITRAL DISTRICT,69,1390,133,1523
CHITRAL DISTRICT,70,1163,120,1283
CHITRAL DISTRICT,71,1993,144,2137
CHITRAL DISTRICT,72,1088,147,1235
CHITRAL DISTRICT,73,948,84,1032
CHITRAL DISTRICT,74,754,88,842
CHITRAL DISTRICT,>=75,6847,648,7495
DADU DISTRICT,<1,24320,8050,32370
DADU DISTRICT,1,30465,9156,39621
DADU DISTRICT,2,37654,10849,48503
DADU DISTRICT,3,42573,12566,55139
DADU DISTRICT,4,44899,12362,57261
DADU DISTRICT,5,44360,13273,57633
DADU DISTRICT,6,44109,11874,55983
DADU DISTRICT,7,36313,11829,48142
DADU DISTRICT,8,45211,11748,56959
DADU DISTRICT,9,33690,10874,44564
DADU DISTRICT,10,40027,10663,50690
DADU DISTRICT,11,26942,9166,36108
DADU DISTRICT,12,31909,9534,41443
DADU DISTRICT,13,24821,8804,33625
DADU DISTRICT,14,26220,8674,34894
DADU DISTRICT,15,26432,9437,35869
DADU DISTRICT,16,25325,8825,34150
DADU DISTRICT,17,22186,8921,31107
DADU DISTRICT,18,26510,8919,35429
DADU DISTRICT,19,19885,7915,27800
DADU DISTRICT,20,24097,8077,32174
DADU DISTRICT,21,16378,6901,23279
DADU DISTRICT,22,18229,6825,25054
DADU DISTRICT,23,14867,6230,21097
DADU DISTRICT,24,14884,5724,20608
DADU DISTRICT,25,19208,6727,25935
DADU DISTRICT,26,14746,5640,20386
DADU DISTRICT,27,15927,6017,21944
DADU DISTRICT,28,17145,6072,23217
DADU DISTRICT,29,16645,5989,22634
DADU DISTRICT,30,17112,5769,22881
DADU DISTRICT,31,14416,5117,19533
DADU DISTRICT,32,14717,5211,19928
DADU DISTRICT,33,13151,5006,18157
DADU DISTRICT,34,11242,4017,15259
DADU DISTRICT,35,13716,4587,18303
DADU DISTRICT,36,11193,3541,14734
DADU DISTRICT,37,14715,4277,18992
DADU DISTRICT,38,11517,4155,15672
DADU DISTRICT,39,11847,4029,15876
DADU DISTRICT,40,12168,4183,16351
DADU DISTRICT,41,9970,3490,13460
DADU DISTRICT,42,10465,3451,13916
DADU DISTRICT,43,8997,3327,12324
DADU DISTRICT,44,8377,3128,11505
DADU DISTRICT,45,8952,3202,12154
DADU DISTRICT,46,7540,2635,10175
DADU DISTRICT,47,9688,3021,12709
DADU DISTRICT,48,7848,2931,10779
DADU DISTRICT,49,7812,3064,10876
DADU DISTRICT,50,8058,2856,10914
DADU DISTRICT,51,6770,2417,9187
DADU DISTRICT,52,6820,2365,9185
DADU DISTRICT,53,5436,2032,7468
DADU DISTRICT,54,4945,1918,6863
DADU DISTRICT,55,5849,2040,7889
DADU DISTRICT,56,4549,1401,5950
DADU DISTRICT,57,5840,1693,7533
DADU DISTRICT,58,4400,1521,5921
DADU DISTRICT,59,4401,1515,5916
DADU DISTRICT,60,4815,1474,6289
DADU DISTRICT,61,4188,1349,5537
DADU DISTRICT,62,4874,1486,6360
DADU DISTRICT,63,4010,1425,5435
DADU DISTRICT,64,3539,1099,4638
DADU DISTRICT,65,3596,1195,4791
DADU DISTRICT,66,2868,900,3768
DADU DISTRICT,67,3294,907,4201
DADU DISTRICT,68,2730,895,3625
DADU DISTRICT,69,2541,743,3284
DADU DISTRICT,70,2449,655,3104
DADU DISTRICT,71,2029,637,2666
DADU DISTRICT,72,2152,555,2707
DADU DISTRICT,73,1845,579,2424
DADU DISTRICT,74,1422,428,1850
DADU DISTRICT,>=75,12144,3539,15683
DERA BUGTI DISTRICT,<1,11139,4136,15275
DERA BUGTI DISTRICT,1,8692,4215,12907
DERA BUGTI DISTRICT,2,11446,5046,16492
DERA BUGTI DISTRICT,3,8898,4967,13865
DERA BUGTI DISTRICT,4,11547,4782,16329
DERA BUGTI DISTRICT,5,7766,4413,12179
DERA BUGTI DISTRICT,6,11265,4224,15489
DERA BUGTI DISTRICT,7,7459,4133,11592
DERA BUGTI DISTRICT,8,9943,3793,13736
DERA BUGTI DISTRICT,9,7566,3494,11060
DERA BUGTI DISTRICT,10,8577,3143,11720
DERA BUGTI DISTRICT,11,5559,2376,7935
DERA BUGTI DISTRICT,12,5505,2381,7886
DERA BUGTI DISTRICT,13,3828,1952,5780
DERA BUGTI DISTRICT,14,4209,1936,6145
DERA BUGTI DISTRICT,15,2888,1562,4450
DERA BUGTI DISTRICT,16,3027,1574,4601
DERA BUGTI DISTRICT,17,2491,1603,4094
DERA BUGTI DISTRICT,18,2865,1869,4734
DERA BUGTI DISTRICT,19,3012,1930,4942
DERA BUGTI DISTRICT,20,3120,1746,4866
DERA BUGTI DISTRICT,21,2728,1681,4409
DERA BUGTI DISTRICT,22,2430,1254,3684
DERA BUGTI DISTRICT,23,2378,1508,3886
DERA BUGTI DISTRICT,24,2484,1451,3935
DERA BUGTI DISTRICT,25,2967,1414,4381
DERA BUGTI DISTRICT,26,2431,1271,3702
DERA BUGTI DISTRICT,27,2726,1483,4209
DERA BUGTI DISTRICT,28,2849,1378,4227
DERA BUGTI DISTRICT,29,2829,1475,4304
DERA BUGTI DISTRICT,30,3207,1380,4587
DERA BUGTI DISTRICT,31,2454,1173,3627
DERA BUGTI DISTRICT,32,2193,1102,3295
DERA BUGTI DISTRICT,33,2250,997,3247
DERA BUGTI DISTRICT,34,1806,928,2734
DERA BUGTI DISTRICT,35,2148,952,3100
DERA BUGTI DISTRICT,36,1861,794,2655
DERA BUGTI DISTRICT,37,1949,842,2791
DERA BUGTI DISTRICT,38,2167,868,3035
DERA BUGTI DISTRICT,39,1851,760,2611
DERA BUGTI DISTRICT,40,2390,871,3261
DERA BUGTI DISTRICT,41,1521,581,2102
DERA BUGTI DISTRICT,42,1278,547,1825
DERA BUGTI DISTRICT,43,1328,605,1933
DERA BUGTI DISTRICT,44,1114,498,1612
DERA BUGTI DISTRICT,45,1262,536,1798
DERA BUGTI DISTRICT,46,862,430,1292
DERA BUGTI DISTRICT,47,1034,498,1532
DERA BUGTI DISTRICT,48,1147,603,1750
DERA BUGTI DISTRICT,49,975,567,1542
DERA BUGTI DISTRICT,50,1297,608,1905
DERA BUGTI DISTRICT,51,774,437,1211
DERA BUGTI DISTRICT,52,646,410,1056
DERA BUGTI DISTRICT,53,803,434,1237
DERA BUGTI DISTRICT,54,754,375,1129
DERA BUGTI DISTRICT,55,774,374,1148
DERA BUGTI DISTRICT,56,633,286,919
DERA BUGTI DISTRICT,57,657,333,990
DERA BUGTI DISTRICT,58,504,302,806
DERA BUGTI DISTRICT,59,572,275,847
DERA BUGTI DISTRICT,60,605,294,899
DERA BUGTI DISTRICT,61,388,207,595
DERA BUGTI DISTRICT,62,411,178,589
DERA BUGTI DISTRICT,63,399,200,599
DERA BUGTI DISTRICT,64,398,165,563
DERA BUGTI DISTRICT,65,353,184,537
DERA BUGTI DISTRICT,66,280,134,414
DERA BUGTI DISTRICT,67,333,141,474
DERA BUGTI DISTRICT,68,257,124,381
DERA BUGTI DISTRICT,69,240,108,348
DERA BUGTI DISTRICT,70,299,127,426
DERA BUGTI DISTRICT,71,162,87,249
DERA BUGTI DISTRICT,72,170,78,248
DERA BUGTI DISTRICT,73,190,75,265
DERA BUGTI DISTRICT,74,166,67,233
DERA BUGTI DISTRICT,>=75,1259,640,1899
DERA GHAZI KHAN DISTRICT,<1,67350,13840,81190
DERA GHAZI KHAN DISTRICT,1,70470,14606,85076
DERA GHAZI KHAN DISTRICT,2,84198,15130,99328
DERA GHAZI KHAN DISTRICT,3,86273,16622,102895
DERA GHAZI KHAN DISTRICT,4,94713,15857,110570
DERA GHAZI KHAN DISTRICT,5,83709,16317,100026
DERA GHAZI KHAN DISTRICT,6,84720,15137,99857
DERA GHAZI KHAN DISTRICT,7,84698,16823,101521
DERA GHAZI KHAN DISTRICT,8,90638,15705,106343
DERA GHAZI KHAN DISTRICT,9,76936,15932,92868
DERA GHAZI KHAN DISTRICT,10,78940,14073,93013
DERA GHAZI KHAN DISTRICT,11,59553,14225,73778
DERA GHAZI KHAN DISTRICT,12,64495,12793,77288
DERA GHAZI KHAN DISTRICT,13,53049,12827,65876
DERA GHAZI KHAN DISTRICT,14,53508,12153,65661
DERA GHAZI KHAN DISTRICT,15,47047,12058,59105
DERA GHAZI KHAN DISTRICT,16,45750,11689,57439
DERA GHAZI KHAN DISTRICT,17,40238,11950,52188
DERA GHAZI KHAN DISTRICT,18,49108,11647,60755
DERA GHAZI KHAN DISTRICT,19,41253,12262,53515
DERA GHAZI KHAN DISTRICT,20,45758,10741,56499
DERA GHAZI KHAN DISTRICT,21,36899,11129,48028
DERA GHAZI KHAN DISTRICT,22,38230,10074,48304
DERA GHAZI KHAN DISTRICT,23,32695,9559,42254
DERA GHAZI KHAN DISTRICT,24,31595,9024,40619
DERA GHAZI KHAN DISTRICT,25,35771,8793,44564
DERA GHAZI KHAN DISTRICT,26,29208,8643,37851
DERA GHAZI KHAN DISTRICT,27,29311,8681,37992
DERA GHAZI KHAN DISTRICT,28,30425,8226,38651
DERA GHAZI KHAN DISTRICT,29,28133,8095,36228
DERA GHAZI KHAN DISTRICT,30,31280,7927,39207
DERA GHAZI KHAN DISTRICT,31,26492,7605,34097
DERA GHAZI KHAN DISTRICT,32,25386,7290,32676
DERA GHAZI KHAN DISTRICT,33,23656,7008,30664
DERA GHAZI KHAN DISTRICT,34,23440,6697,30137
DERA GHAZI KHAN DISTRICT,35,25815,6358,32173
DERA GHAZI KHAN DISTRICT,36,23015,6296,29311
DERA GHAZI KHAN DISTRICT,37,23037,6036,29073
DERA GHAZI KHAN DISTRICT,38,21369,6125,27494
DERA GHAZI KHAN DISTRICT,39,20562,5778,26340
DERA GHAZI KHAN DISTRICT,40,21653,5647,27300
DERA GHAZI KHAN DISTRICT,41,18658,5239,23897
DERA GHAZI KHAN DISTRICT,42,16942,4826,21768
DERA GHAZI KHAN DISTRICT,43,15067,4655,19722
DERA GHAZI KHAN DISTRICT,44,14116,4412,18528
DERA GHAZI KHAN DISTRICT,45,15486,4217,19703
DERA GHAZI KHAN DISTRICT,46,13515,3954,17469
DERA GHAZI KHAN DISTRICT,47,14162,4106,18268
DERA GHAZI KHAN DISTRICT,48,14539,4094,18633
DERA GHAZI KHAN DISTRICT,49,13923,4122,18045
DERA GHAZI KHAN DISTRICT,50,15181,4025,19206
DERA GHAZI KHAN DISTRICT,51,12769,3707,16476
DERA GHAZI KHAN DISTRICT,52,11895,3553,15448
DERA GHAZI KHAN DISTRICT,53,11368,3424,14792
DERA GHAZI KHAN DISTRICT,54,10369,3189,13558
DERA GHAZI KHAN DISTRICT,55,10491,2917,13408
DERA GHAZI KHAN DISTRICT,56,8509,2621,11130
DERA GHAZI KHAN DISTRICT,57,8444,2276,10720
DERA GHAZI KHAN DISTRICT,58,7573,2310,9883
DERA GHAZI KHAN DISTRICT,59,7559,2242,9801
DERA GHAZI KHAN DISTRICT,60,9630,2315,11945
DERA GHAZI KHAN DISTRICT,61,8140,2348,10488
DERA GHAZI KHAN DISTRICT,62,8048,2211,10259
DERA GHAZI KHAN DISTRICT,63,7624,2193,9817
DERA GHAZI KHAN DISTRICT,64,6866,1862,8728
DERA GHAZI KHAN DISTRICT,65,7505,1696,9201
DERA GHAZI KHAN DISTRICT,66,6189,1470,7659
DERA GHAZI KHAN DISTRICT,67,6549,1360,7909
DERA GHAZI KHAN DISTRICT,68,5735,1377,7112
DERA GHAZI KHAN DISTRICT,69,5101,1190,6291
DERA GHAZI KHAN DISTRICT,70,6067,1129,7196
DERA GHAZI KHAN DISTRICT,71,4852,1100,5952
DERA GHAZI KHAN DISTRICT,72,4653,1061,5714
DERA GHAZI KHAN DISTRICT,73,4169,943,5112
DERA GHAZI KHAN DISTRICT,74,3408,744,4152
DERA GHAZI KHAN DISTRICT,>=75,30932,5955,36887
DERA ISMAIL KHAN DISTRICT,<1,36316,9340,45656
DERA ISMAIL KHAN DISTRICT,1,38712,9034,47746
DERA ISMAIL KHAN DISTRICT,2,43068,9499,52567
DERA ISMAIL KHAN DISTRICT,3,45891,10254,56145
DERA ISMAIL KHAN DISTRICT,4,46199,9791,55990
DERA ISMAIL KHAN DISTRICT,5,45113,9851,54964
DERA ISMAIL KHAN DISTRICT,6,41542,9088,50630
DERA ISMAIL KHAN DISTRICT,7,46087,10074,56161
DERA ISMAIL KHAN DISTRICT,8,42416,9107,51523
DERA ISMAIL KHAN DISTRICT,9,40907,9556,50463
DERA ISMAIL KHAN DISTRICT,10,36730,8230,44960
DERA ISMAIL KHAN DISTRICT,11,33340,8885,42225
DERA ISMAIL KHAN DISTRICT,12,31391,7699,39090
DERA ISMAIL KHAN DISTRICT,13,29797,8219,38016
DERA ISMAIL KHAN DISTRICT,14,28501,7884,36385
DERA ISMAIL KHAN DISTRICT,15,27384,7670,35054
DERA ISMAIL KHAN DISTRICT,16,25798,7600,33398
DERA ISMAIL KHAN DISTRICT,17,25494,8010,33504
DERA ISMAIL KHAN DISTRICT,18,23717,6816,30533
DERA ISMAIL KHAN DISTRICT,19,23249,7601,30850
DERA ISMAIL KHAN DISTRICT,20,22425,6431,28856
DERA ISMAIL KHAN DISTRICT,21,21373,7349,28722
DERA ISMAIL KHAN DISTRICT,22,19146,6369,25515
DERA ISMAIL KHAN DISTRICT,23,19927,7044,26971
DERA ISMAIL KHAN DISTRICT,24,19072,6513,25585
DERA ISMAIL KHAN DISTRICT,25,20265,5818,26083
DERA ISMAIL KHAN DISTRICT,26,19917,6456,26373
DERA ISMAIL KHAN DISTRICT,27,20804,6515,27319
DERA ISMAIL KHAN DISTRICT,28,17966,6003,23969
DERA ISMAIL KHAN DISTRICT,29,19306,6100,25406
DERA ISMAIL KHAN DISTRICT,30,16364,5202,21566
DERA ISMAIL KHAN DISTRICT,31,16929,5601,22530
DERA ISMAIL KHAN DISTRICT,32,15113,5219,20332
DERA ISMAIL KHAN DISTRICT,33,13468,4876,18344
DERA ISMAIL KHAN DISTRICT,34,12571,4668,17239
DERA ISMAIL KHAN DISTRICT,35,12210,4011,16221
DERA ISMAIL KHAN DISTRICT,36,12241,4239,16480
DERA ISMAIL KHAN DISTRICT,37,12737,3891,16628
DERA ISMAIL KHAN DISTRICT,38,10675,4128,14803
DERA ISMAIL KHAN DISTRICT,39,11197,4004,15201
DERA ISMAIL KHAN DISTRICT,40,10078,3516,13594
DERA ISMAIL KHAN DISTRICT,41,10368,3555,13923
DERA ISMAIL KHAN DISTRICT,42,9791,3246,13037
DERA ISMAIL KHAN DISTRICT,43,8886,3181,12067
DERA ISMAIL KHAN DISTRICT,44,8989,3019,12008
DERA ISMAIL KHAN DISTRICT,45,7877,2731,10608
DERA ISMAIL KHAN DISTRICT,46,8593,2949,11542
DERA ISMAIL KHAN DISTRICT,47,9197,2760,11957
DERA ISMAIL KHAN DISTRICT,48,8896,3138,12034
DERA ISMAIL KHAN DISTRICT,49,8907,3034,11941
DERA ISMAIL KHAN DISTRICT,50,7850,2665,10515
DERA ISMAIL KHAN DISTRICT,51,8279,2938,11217
DERA ISMAIL KHAN DISTRICT,52,7818,2659,10477
DERA ISMAIL KHAN DISTRICT,53,6924,2587,9511
DERA ISMAIL KHAN DISTRICT,54,6653,2468,9121
DERA ISMAIL KHAN DISTRICT,55,5685,2071,7756
DERA ISMAIL KHAN DISTRICT,56,5666,2199,7865
DERA ISMAIL KHAN DISTRICT,57,5478,1936,7414
DERA ISMAIL KHAN DISTRICT,58,4818,1878,6696
DERA ISMAIL KHAN DISTRICT,59,4918,1809,6727
DERA ISMAIL KHAN DISTRICT,60,4684,1600,6284
DERA ISMAIL KHAN DISTRICT,61,5242,1774,7016
DERA ISMAIL KHAN DISTRICT,62,5203,1773,6976
DERA ISMAIL KHAN DISTRICT,63,4352,1756,6108
DERA ISMAIL KHAN DISTRICT,64,4271,1472,5743
DERA ISMAIL KHAN DISTRICT,65,3409,1207,4616
DERA ISMAIL KHAN DISTRICT,66,3825,1249,5074
DERA ISMAIL KHAN DISTRICT,67,4111,1153,5264
DERA ISMAIL KHAN DISTRICT,68,2980,987,3967
DERA ISMAIL KHAN DISTRICT,69,2741,857,3598
DERA ISMAIL KHAN DISTRICT,70,2352,725,3077
DERA ISMAIL KHAN DISTRICT,71,2742,842,3584
DERA ISMAIL KHAN DISTRICT,72,2554,800,3354
DERA ISMAIL KHAN DISTRICT,73,1792,699,2491
DERA ISMAIL KHAN DISTRICT,74,1500,500,2000
DERA ISMAIL KHAN DISTRICT,>=75,12083,3840,15923
FAISALABAD DISTRICT,<1,100832,85426,186258
FAISALABAD DISTRICT,1,103358,89928,193286
FAISALABAD DISTRICT,2,101880,85936,187816
FAISALABAD DISTRICT,3,111768,92039,203807
FAISALABAD DISTRICT,4,112028,86858,198886
FAISALABAD DISTRICT,5,107731,87263,194994
FAISALABAD DISTRICT,6,105932,85304,191236
FAISALABAD DISTRICT,7,113277,92292,205569
FAISALABAD DISTRICT,8,106452,81390,187842
FAISALABAD DISTRICT,9,107072,92061,199133
FAISALABAD DISTRICT,10,97943,76980,174923
FAISALABAD DISTRICT,11,97991,91177,189168
FAISALABAD DISTRICT,12,89445,75142,164587
FAISALABAD DISTRICT,13,89062,82448,171510
FAISALABAD DISTRICT,14,85954,75437,161391
FAISALABAD DISTRICT,15,86101,76441,162542
FAISALABAD DISTRICT,16,85452,78222,163674
FAISALABAD DISTRICT,17,88529,81162,169691
FAISALABAD DISTRICT,18,77231,70681,147912
FAISALABAD DISTRICT,19,82519,82969,165488
FAISALABAD DISTRICT,20,77324,71618,148942
FAISALABAD DISTRICT,21,81334,86383,167717
FAISALABAD DISTRICT,22,76665,77353,154018
FAISALABAD DISTRICT,23,72823,79150,151973
FAISALABAD DISTRICT,24,70234,77452,147686
FAISALABAD DISTRICT,25,65711,60027,125738
FAISALABAD DISTRICT,26,66990,72722,139712
FAISALABAD DISTRICT,27,65354,68484,133838
FAISALABAD DISTRICT,28,63160,65662,128822
FAISALABAD DISTRICT,29,64380,66076,130456
FAISALABAD DISTRICT,30,60084,57646,117730
FAISALABAD DISTRICT,31,61336,63535,124871
FAISALABAD DISTRICT,32,55461,59829,115290
FAISALABAD DISTRICT,33,53922,59341,113263
FAISALABAD DISTRICT,34,54429,56405,110834
FAISALABAD DISTRICT,35,50788,46566,97354
FAISALABAD DISTRICT,36,53103,51619,104722
FAISALABAD DISTRICT,37,50781,47276,98057
FAISALABAD DISTRICT,38,47145,51017,98162
FAISALABAD DISTRICT,39,48628,47830,96458
FAISALABAD DISTRICT,40,40694,42298,82992
FAISALABAD DISTRICT,41,44344,44157,88501
FAISALABAD DISTRICT,42,39571,39535,79106
FAISALABAD DISTRICT,43,36017,39096,75113
FAISALABAD DISTRICT,44,35189,36794,71983
FAISALABAD DISTRICT,45,30867,30974,61841
FAISALABAD DISTRICT,46,34921,33320,68241
FAISALABAD DISTRICT,47,35485,30921,66406
FAISALABAD DISTRICT,48,33237,34232,67469
FAISALABAD DISTRICT,49,35424,33843,69267
FAISALABAD DISTRICT,50,30900,29489,60389
FAISALABAD DISTRICT,51,35981,32786,68767
FAISALABAD DISTRICT,52,33597,30657,64254
FAISALABAD DISTRICT,53,30665,29956,60621
FAISALABAD DISTRICT,54,28444,28274,56718
FAISALABAD DISTRICT,55,23200,22424,45624
FAISALABAD DISTRICT,56,25299,23403,48702
FAISALABAD DISTRICT,57,23313,19383,42696
FAISALABAD DISTRICT,58,20904,20202,41106
FAISALABAD DISTRICT,59,21904,19491,41395
FAISALABAD DISTRICT,60,19251,16550,35801
FAISALABAD DISTRICT,61,22217,18496,40713
FAISALABAD DISTRICT,62,20615,17059,37674
FAISALABAD DISTRICT,63,18283,16293,34576
FAISALABAD DISTRICT,64,16841,14083,30924
FAISALABAD DISTRICT,65,14382,10920,25302
FAISALABAD DISTRICT,66,14764,10212,24976
FAISALABAD DISTRICT,67,13635,8908,22543
FAISALABAD DISTRICT,68,11783,9037,20820
FAISALABAD DISTRICT,69,11878,8493,20371
FAISALABAD DISTRICT,70,11996,7796,19792
FAISALABAD DISTRICT,71,13156,8593,21749
FAISALABAD DISTRICT,72,11611,7864,19475
FAISALABAD DISTRICT,73,9417,7176,16593
FAISALABAD DISTRICT,74,8274,5809,14083
FAISALABAD DISTRICT,>=75,67310,43195,110505
FR BANNU,<1,1172,0,1172
FR BANNU,1,1282,0,1282
FR BANNU,2,1691,0,1691
FR BANNU,3,1694,0,1694
FR BANNU,4,1812,0,1812
FR BANNU,5,1698,0,1698
FR BANNU,6,1778,0,1778
FR BANNU,7,1660,0,1660
FR BANNU,8,1803,0,1803
FR BANNU,9,1423,0,1423
FR BANNU,10,1460,0,1460
FR BANNU,11,1042,0,1042
FR BANNU,12,1074,0,1074
FR BANNU,13,857,0,857
FR BANNU,14,833,0,833
FR BANNU,15,790,0,790
FR BANNU,16,777,0,777
FR BANNU,17,520,0,520
FR BANNU,18,855,0,855
FR BANNU,19,720,0,720
FR BANNU,20,880,0,880
FR BANNU,21,767,0,767
FR BANNU,22,758,0,758
FR BANNU,23,774,0,774
FR BANNU,24,676,0,676
FR BANNU,25,922,0,922
FR BANNU,26,650,0,650
FR BANNU,27,729,0,729
FR BANNU,28,628,0,628
FR BANNU,29,640,0,640
FR BANNU,30,717,0,717
FR BANNU,31,511,0,511
FR BANNU,32,465,0,465
FR BANNU,33,483,0,483
FR BANNU,34,340,0,340
FR BANNU,35,465,0,465
FR BANNU,36,278,0,278
FR BANNU,37,330,0,330
FR BANNU,38,335,0,335
FR BANNU,39,343,0,343
FR BANNU,40,474,0,474
FR BANNU,41,314,0,314
FR BANNU,42,276,0,276
FR BANNU,43,286,0,286
FR BANNU,44,254,0,254
FR BANNU,45,307,0,307
FR BANNU,46,194,0,194
FR BANNU,47,213,0,213
FR BANNU,48,191,0,191
FR BANNU,49,209,0,209
FR BANNU,50,333,0,333
FR BANNU,51,188,0,188
FR BANNU,52,169,0,169
FR BANNU,53,172,0,172
FR BANNU,54,166,0,166
FR BANNU,55,216,0,216
FR BANNU,56,117,0,117
FR BANNU,57,151,0,151
FR BANNU,58,144,0,144
FR BANNU,59,137,0,137
FR BANNU,60,205,0,205
FR BANNU,61,139,0,139
FR BANNU,62,115,0,115
FR BANNU,63,148,0,148
FR BANNU,64,124,0,124
FR BANNU,65,132,0,132
FR BANNU,66,91,0,91
FR BANNU,67,103,0,103
FR BANNU,68,64,0,64
FR BANNU,69,77,0,77
FR BANNU,70,99,0,99
FR BANNU,71,74,0,74
FR BANNU,72,53,0,53
FR BANNU,73,61,0,61
FR BANNU,74,63,0,63
FR BANNU,>=75,421,0,421
FR D.I.KHAN,<1,2302,0,2302
FR D.I.KHAN,1,2717,0,2717
FR D.I.KHAN,2,2970,0,2970
FR D.I.KHAN,3,2875,0,2875
FR D.I.KHAN,4,2975,0,2975
FR D.I.KHAN,5,2692,0,2692
FR D.I.KHAN,6,2750,0,2750
FR D.I.KHAN,7,2701,0,2701
FR D.I.KHAN,8,2763,0,2763
FR D.I.KHAN,9,2365,0,2365
FR D.I.KHAN,10,2270,0,2270
FR D.I.KHAN,11,1779,0,1779
FR D.I.KHAN,12,1779,0,1779
FR D.I.KHAN,13,1426,0,1426
FR D.I.KHAN,14,1394,0,1394
FR D.I.KHAN,15,1162,0,1162
FR D.I.KHAN,16,1191,0,1191
FR D.I.KHAN,17,991,0,991
FR D.I.KHAN,18,1391,0,1391
FR D.I.KHAN,19,1190,0,1190
FR D.I.KHAN,20,1320,0,1320
FR D.I.KHAN,21,1038,0,1038
FR D.I.KHAN,22,872,0,872
FR D.I.KHAN,23,1005,0,1005
FR D.I.KHAN,24,882,0,882
FR D.I.KHAN,25,1187,0,1187
FR D.I.KHAN,26,896,0,896
FR D.I.KHAN,27,942,0,942
FR D.I.KHAN,28,914,0,914
FR D.I.KHAN,29,873,0,873
FR D.I.KHAN,30,1076,0,1076
FR D.I.KHAN,31,844,0,844
FR D.I.KHAN,32,625,0,625
FR D.I.KHAN,33,638,0,638
FR D.I.KHAN,34,484,0,484
FR D.I.KHAN,35,611,0,611
FR D.I.KHAN,36,506,0,506
FR D.I.KHAN,37,480,0,480
FR D.I.KHAN,38,532,0,532
FR D.I.KHAN,39,479,0,479
FR D.I.KHAN,40,658,0,658
FR D.I.KHAN,41,500,0,500
FR D.I.KHAN,42,353,0,353
FR D.I.KHAN,43,420,0,420
FR D.I.KHAN,44,369,0,369
FR D.I.KHAN,45,456,0,456
FR D.I.KHAN,46,368,0,368
FR D.I.KHAN,47,316,0,316
FR D.I.KHAN,48,360,0,360
FR D.I.KHAN,49,361,0,361
FR D.I.KHAN,50,499,0,499
FR D.I.KHAN,51,347,0,347
FR D.I.KHAN,52,263,0,263
FR D.I.KHAN,53,318,0,318
FR D.I.KHAN,54,328,0,328
FR D.I.KHAN,55,299,0,299
FR D.I.KHAN,56,258,0,258
FR D.I.KHAN,57,236,0,236
FR D.I.KHAN,58,254,0,254
FR D.I.KHAN,59,265,0,265
FR D.I.KHAN,60,332,0,332
FR D.I.KHAN,61,254,0,254
FR D.I.KHAN,62,210,0,210
FR D.I.KHAN,63,239,0,239
FR D.I.KHAN,64,201,0,201
FR D.I.KHAN,65,180,0,180
FR D.I.KHAN,66,193,0,193
FR D.I.KHAN,67,153,0,153
FR D.I.KHAN,68,138,0,138
FR D.I.KHAN,69,149,0,149
FR D.I.KHAN,70,159,0,159
FR D.I.KHAN,71,118,0,118
FR D.I.KHAN,72,108,0,108
FR D.I.KHAN,73,108,0,108
FR D.I.KHAN,74,102,0,102
FR D.I.KHAN,>=75,747,0,747
FR LAKKI MARWAT,<1,831,0,831
FR LAKKI MARWAT,1,776,0,776
FR LAKKI MARWAT,2,1103,0,1103
FR LAKKI MARWAT,3,971,0,971
FR LAKKI MARWAT,4,1122,0,1122
FR LAKKI MARWAT,5,921,0,921
FR LAKKI MARWAT,6,1087,0,1087
FR LAKKI MARWAT,7,839,0,839
FR LAKKI MARWAT,8,1070,0,1070
FR LAKKI MARWAT,9,817,0,817
FR LAKKI MARWAT,10,981,0,981
FR LAKKI MARWAT,11,702,0,702
FR LAKKI MARWAT,12,694,0,694
FR LAKKI MARWAT,13,640,0,640
FR LAKKI MARWAT,14,634,0,634
FR LAKKI MARWAT,15,572,0,572
FR LAKKI MARWAT,16,551,0,551
FR LAKKI MARWAT,17,584,0,584
FR LAKKI MARWAT,18,529,0,529
FR LAKKI MARWAT,19,469,0,469
FR LAKKI MARWAT,20,560,0,560
FR LAKKI MARWAT,21,401,0,401
FR LAKKI MARWAT,22,392,0,392
FR LAKKI MARWAT,23,387,0,387
FR LAKKI MARWAT,24,319,0,319
FR LAKKI MARWAT,25,475,0,475
FR LAKKI MARWAT,26,371,0,371
FR LAKKI MARWAT,27,367,0,367
FR LAKKI MARWAT,28,382,0,382
FR LAKKI MARWAT,29,330,0,330
FR LAKKI MARWAT,30,391,0,391
FR LAKKI MARWAT,31,279,0,279
FR LAKKI MARWAT,32,237,0,237
FR LAKKI MARWAT,33,233,0,233
FR LAKKI MARWAT,34,206,0,206
FR LAKKI MARWAT,35,293,0,293
FR LAKKI MARWAT,36,202,0,202
FR LAKKI MARWAT,37,181,0,181
FR LAKKI MARWAT,38,245,0,245
FR LAKKI MARWAT,39,207,0,207
FR LAKKI MARWAT,40,310,0,310
FR LAKKI MARWAT,41,196,0,196
FR LAKKI MARWAT,42,144,0,144
FR LAKKI MARWAT,43,168,0,168
FR LAKKI MARWAT,44,148,0,148
FR LAKKI MARWAT,45,200,0,200
FR LAKKI MARWAT,46,138,0,138
FR LAKKI MARWAT,47,115,0,115
FR LAKKI MARWAT,48,142,0,142
FR LAKKI MARWAT,49,131,0,131
FR LAKKI MARWAT,50,201,0,201
FR LAKKI MARWAT,51,129,0,129
FR LAKKI MARWAT,52,108,0,108
FR LAKKI MARWAT,53,132,0,132
FR LAKKI MARWAT,54,122,0,122
FR LAKKI MARWAT,55,144,0,144
FR LAKKI MARWAT,56,110,0,110
FR LAKKI MARWAT,57,90,0,90
FR LAKKI MARWAT,58,114,0,114
FR LAKKI MARWAT,59,82,0,82
FR LAKKI MARWAT,60,130,0,130
FR LAKKI MARWAT,61,80,0,80
FR LAKKI MARWAT,62,81,0,81
FR LAKKI MARWAT,63,79,0,79
FR LAKKI MARWAT,64,89,0,89
FR LAKKI MARWAT,65,69,0,69
FR LAKKI MARWAT,66,40,0,40
FR LAKKI MARWAT,67,52,0,52
FR LAKKI MARWAT,68,52,0,52
FR LAKKI MARWAT,69,31,0,31
FR LAKKI MARWAT,70,53,0,53
FR LAKKI MARWAT,71,37,0,37
FR LAKKI MARWAT,72,22,0,22
FR LAKKI MARWAT,73,29,0,29
FR LAKKI MARWAT,74,40,0,40
FR LAKKI MARWAT,>=75,235,0,235
FR PESHAWAR,<1,1751,0,1751
FR PESHAWAR,1,1955,0,1955
FR PESHAWAR,2,1877,0,1877
FR PESHAWAR,3,1964,0,1964
FR PESHAWAR,4,1810,0,1810
FR PESHAWAR,5,1991,0,1991
FR PESHAWAR,6,1893,0,1893
FR PESHAWAR,7,1998,0,1998
FR PESHAWAR,8,1768,0,1768
FR PESHAWAR,9,2051,0,2051
FR PESHAWAR,10,1623,0,1623
FR PESHAWAR,11,1869,0,1869
FR PESHAWAR,12,1515,0,1515
FR PESHAWAR,13,1754,0,1754
FR PESHAWAR,14,1575,0,1575
FR PESHAWAR,15,1557,0,1557
FR PESHAWAR,16,1491,0,1491
FR PESHAWAR,17,1546,0,1546
FR PESHAWAR,18,1344,0,1344
FR PESHAWAR,19,1542,0,1542
FR PESHAWAR,20,1151,0,1151
FR PESHAWAR,21,1539,0,1539
FR PESHAWAR,22,1073,0,1073
FR PESHAWAR,23,1263,0,1263
FR PESHAWAR,24,1154,0,1154
FR PESHAWAR,25,796,0,796
FR PESHAWAR,26,1083,0,1083
FR PESHAWAR,27,1157,0,1157
FR PESHAWAR,28,881,0,881
FR PESHAWAR,29,1024,0,1024
FR PESHAWAR,30,678,0,678
FR PESHAWAR,31,1039,0,1039
FR PESHAWAR,32,784,0,784
FR PESHAWAR,33,861,0,861
FR PESHAWAR,34,800,0,800
FR PESHAWAR,35,464,0,464
FR PESHAWAR,36,652,0,652
FR PESHAWAR,37,655,0,655
FR PESHAWAR,38,604,0,604
FR PESHAWAR,39,661,0,661
FR PESHAWAR,40,461,0,461
FR PESHAWAR,41,687,0,687
FR PESHAWAR,42,456,0,456
FR PESHAWAR,43,522,0,522
FR PESHAWAR,44,481,0,481
FR PESHAWAR,45,313,0,313
FR PESHAWAR,46,503,0,503
FR PESHAWAR,47,457,0,457
FR PESHAWAR,48,391,0,391
FR PESHAWAR,49,392,0,392
FR PESHAWAR,50,273,0,273
FR PESHAWAR,51,396,0,396
FR PESHAWAR,52,316,0,316
FR PESHAWAR,53,340,0,340
FR PESHAWAR,54,304,0,304
FR PESHAWAR,55,234,0,234
FR PESHAWAR,56,310,0,310
FR PESHAWAR,57,384,0,384
FR PESHAWAR,58,334,0,334
FR PESHAWAR,59,297,0,297
FR PESHAWAR,60,197,0,197
FR PESHAWAR,61,301,0,301
FR PESHAWAR,62,264,0,264
FR PESHAWAR,63,252,0,252
FR PESHAWAR,64,266,0,266
FR PESHAWAR,65,174,0,174
FR PESHAWAR,66,206,0,206
FR PESHAWAR,67,226,0,226
FR PESHAWAR,68,206,0,206
FR PESHAWAR,69,188,0,188
FR PESHAWAR,70,101,0,101
FR PESHAWAR,71,132,0,132
FR PESHAWAR,72,131,0,131
FR PESHAWAR,73,116,0,116
FR PESHAWAR,74,105,0,105
FR PESHAWAR,>=75,852,0,852
FR TANK,<1,883,0,883
FR TANK,1,1248,0,1248
FR TANK,2,1399,0,1399
FR TANK,3,1417,0,1417
FR TANK,4,1416,0,1416
FR TANK,5,1286,0,1286
FR TANK,6,1392,0,1392
FR TANK,7,1177,0,1177
FR TANK,8,1393,0,1393
FR TANK,9,1110,0,1110
FR TANK,10,1143,0,1143
FR TANK,11,892,0,892
FR TANK,12,903,0,903
FR TANK,13,877,0,877
FR TANK,14,793,0,793
FR TANK,15,745,0,745
FR TANK,16,682,0,682
FR TANK,17,650,0,650
FR TANK,18,637,0,637
FR TANK,19,604,0,604
FR TANK,20,642,0,642
FR TANK,21,590,0,590
FR TANK,22,535,0,535
FR TANK,23,585,0,585
FR TANK,24,585,0,585
FR TANK,25,629,0,629
FR TANK,26,696,0,696
FR TANK,27,618,0,618
FR TANK,28,553,0,553
FR TANK,29,551,0,551
FR TANK,30,465,0,465
FR TANK,31,567,0,567
FR TANK,32,406,0,406
FR TANK,33,392,0,392
FR TANK,34,344,0,344
FR TANK,35,347,0,347
FR TANK,36,371,0,371
FR TANK,37,304,0,304
FR TANK,38,298,0,298
FR TANK,39,294,0,294
FR TANK,40,298,0,298
FR TANK,41,309,0,309
FR TANK,42,223,0,223
FR TANK,43,270,0,270
FR TANK,44,229,0,229
FR TANK,45,181,0,181
FR TANK,46,217,0,217
FR TANK,47,201,0,201
FR TANK,48,206,0,206
FR TANK,49,219,0,219
FR TANK,50,215,0,215
FR TANK,51,242,0,242
FR TANK,52,189,0,189
FR TANK,53,219,0,219
FR TANK,54,203,0,203
FR TANK,55,164,0,164
FR TANK,56,171,0,171
FR TANK,57,194,0,194
FR TANK,58,175,0,175
FR TANK,59,136,0,136
FR TANK,60,155,0,155
FR TANK,61,124,0,124
FR TANK,62,108,0,108
FR TANK,63,119,0,119
FR TANK,64,118,0,118
FR TANK,65,103,0,103
FR TANK,66,114,0,114
FR TANK,67,91,0,91
FR TANK,68,63,0,63
FR TANK,69,61,0,61
FR TANK,70,89,0,89
FR TANK,71,66,0,66
FR TANK,72,59,0,59
FR TANK,73,64,0,64
FR TANK,74,45,0,45
FR TANK,>=75,359,0,359
GHOTKI DISTRICT,<1,37494,8936,46430
GHOTKI DISTRICT,1,37730,9910,47640
GHOTKI DISTRICT,2,45825,10145,55970
GHOTKI DISTRICT,3,47067,11354,58421
GHOTKI DISTRICT,4,50398,11337,61735
GHOTKI DISTRICT,5,46871,11480,58351
GHOTKI DISTRICT,6,48577,10714,59291
GHOTKI DISTRICT,7,44207,11447,55654
GHOTKI DISTRICT,8,51555,11414,62969
GHOTKI DISTRICT,9,39182,10484,49666
GHOTKI DISTRICT,10,45089,10319,55408
GHOTKI DISTRICT,11,30710,9155,39865
GHOTKI DISTRICT,12,35626,9050,44676
GHOTKI DISTRICT,13,27866,8534,36400
GHOTKI DISTRICT,14,29310,8325,37635
GHOTKI DISTRICT,15,27043,8672,35715
GHOTKI DISTRICT,16,26927,8282,35209
GHOTKI DISTRICT,17,23574,8103,31677
GHOTKI DISTRICT,18,29913,8743,38656
GHOTKI DISTRICT,19,24684,7857,32541
GHOTKI DISTRICT,20,25996,7472,33468
GHOTKI DISTRICT,21,19259,6564,25823
GHOTKI DISTRICT,22,19462,6352,25814
GHOTKI DISTRICT,23,16759,6028,22787
GHOTKI DISTRICT,24,15963,5574,21537
GHOTKI DISTRICT,25,19273,5663,24936
GHOTKI DISTRICT,26,16472,5672,22144
GHOTKI DISTRICT,27,15915,5553,21468
GHOTKI DISTRICT,28,18145,5919,24064
GHOTKI DISTRICT,29,16641,5295,21936
GHOTKI DISTRICT,30,17965,5260,23225
GHOTKI DISTRICT,31,16588,5008,21596
GHOTKI DISTRICT,32,15136,4756,19892
GHOTKI DISTRICT,33,15014,4659,19673
GHOTKI DISTRICT,34,14613,4424,19037
GHOTKI DISTRICT,35,14960,4365,19325
GHOTKI DISTRICT,36,14892,4205,19097
GHOTKI DISTRICT,37,14618,3954,18572
GHOTKI DISTRICT,38,13027,4393,17420
GHOTKI DISTRICT,39,12708,3984,16692
GHOTKI DISTRICT,40,11665,3773,15438
GHOTKI DISTRICT,41,11036,3487,14523
GHOTKI DISTRICT,42,10531,3214,13745
GHOTKI DISTRICT,43,9136,3177,12313
GHOTKI DISTRICT,44,8871,3008,11879
GHOTKI DISTRICT,45,8851,2684,11535
GHOTKI DISTRICT,46,8630,2812,11442
GHOTKI DISTRICT,47,8714,2517,11231
GHOTKI DISTRICT,48,8359,2627,10986
GHOTKI DISTRICT,49,7658,2367,10025
GHOTKI DISTRICT,50,7729,2378,10107
GHOTKI DISTRICT,51,6906,2082,8988
GHOTKI DISTRICT,52,5990,1924,7914
GHOTKI DISTRICT,53,5588,1750,7338
GHOTKI DISTRICT,54,5238,1648,6886
GHOTKI DISTRICT,55,5152,1596,6748
GHOTKI DISTRICT,56,4492,1398,5890
GHOTKI DISTRICT,57,4452,1248,5700
GHOTKI DISTRICT,58,4241,1314,5555
GHOTKI DISTRICT,59,4177,1250,5427
GHOTKI DISTRICT,60,4796,1361,6157
GHOTKI DISTRICT,61,4248,1297,5545
GHOTKI DISTRICT,62,4149,1208,5357
GHOTKI DISTRICT,63,3947,1133,5080
GHOTKI DISTRICT,64,3633,1016,4649
GHOTKI DISTRICT,65,3476,897,4373
GHOTKI DISTRICT,66,3259,857,4116
GHOTKI DISTRICT,67,2807,713,3520
GHOTKI DISTRICT,68,2557,701,3258
GHOTKI DISTRICT,69,2361,625,2986
GHOTKI DISTRICT,70,2501,592,3093
GHOTKI DISTRICT,71,2295,573,2868
GHOTKI DISTRICT,72,1908,501,2409
GHOTKI DISTRICT,73,1690,455,2145
GHOTKI DISTRICT,74,1566,400,1966
GHOTKI DISTRICT,>=75,12224,2877,15101
GUJRANWALA DISTRICT,<1,47091,67121,114212
GUJRANWALA DISTRICT,1,51247,71914,123161
GUJRANWALA DISTRICT,2,52108,71551,123659
GUJRANWALA DISTRICT,3,55317,76961,132278
GUJRANWALA DISTRICT,4,53712,72474,126186
GUJRANWALA DISTRICT,5,54131,73402,127533
GUJRANWALA DISTRICT,6,53680,72083,125763
GUJRANWALA DISTRICT,7,55556,76357,131913
GUJRANWALA DISTRICT,8,51236,68408,119644
GUJRANWALA DISTRICT,9,53750,73525,127275
GUJRANWALA DISTRICT,10,49172,65067,114239
GUJRANWALA DISTRICT,11,53573,73342,126915
GUJRANWALA DISTRICT,12,47827,64100,111927
GUJRANWALA DISTRICT,13,49913,67996,117909
GUJRANWALA DISTRICT,14,47427,62749,110176
GUJRANWALA DISTRICT,15,47338,63868,111206
GUJRANWALA DISTRICT,16,48116,64112,112228
GUJRANWALA DISTRICT,17,46326,65396,111722
GUJRANWALA DISTRICT,18,42973,58311,101284
GUJRANWALA DISTRICT,19,44293,62948,107241
GUJRANWALA DISTRICT,20,39983,55694,95677
GUJRANWALA DISTRICT,21,43097,63986,107083
GUJRANWALA DISTRICT,22,40637,59897,100534
GUJRANWALA DISTRICT,23,38662,58591,97253
GUJRANWALA DISTRICT,24,37053,58278,95331
GUJRANWALA DISTRICT,25,32903,49470,82373
GUJRANWALA DISTRICT,26,34308,55483,89791
GUJRANWALA DISTRICT,27,31359,51562,82921
GUJRANWALA DISTRICT,28,31639,51946,83585
GUJRANWALA DISTRICT,29,29255,45998,75253
GUJRANWALA DISTRICT,30,30245,47823,78068
GUJRANWALA DISTRICT,31,27135,43627,70762
GUJRANWALA DISTRICT,32,27748,46494,74242
GUJRANWALA DISTRICT,33,25347,42392,67739
GUJRANWALA DISTRICT,34,24286,38643,62929
GUJRANWALA DISTRICT,35,25522,38577,64099
GUJRANWALA DISTRICT,36,24500,37014,61514
GUJRANWALA DISTRICT,37,22862,32607,55469
GUJRANWALA DISTRICT,38,23813,39893,63706
GUJRANWALA DISTRICT,39,22869,33620,56489
GUJRANWALA DISTRICT,40,22449,37435,59884
GUJRANWALA DISTRICT,41,20383,30187,50570
GUJRANWALA DISTRICT,42,19882,30491,50373
GUJRANWALA DISTRICT,43,18416,29236,47652
GUJRANWALA DISTRICT,44,17542,26383,43925
GUJRANWALA DISTRICT,45,17226,28082,45308
GUJRANWALA DISTRICT,46,15521,22511,38032
GUJRANWALA DISTRICT,47,15811,20956,36767
GUJRANWALA DISTRICT,48,16649,25222,41871
GUJRANWALA DISTRICT,49,16500,23481,39981
GUJRANWALA DISTRICT,50,16733,27511,44244
GUJRANWALA DISTRICT,51,15387,21277,36664
GUJRANWALA DISTRICT,52,15697,21608,37305
GUJRANWALA DISTRICT,53,14317,21665,35982
GUJRANWALA DISTRICT,54,13350,19560,32910
GUJRANWALA DISTRICT,55,12430,20197,32627
GUJRANWALA DISTRICT,56,10546,15228,25774
GUJRANWALA DISTRICT,57,9792,12369,22161
GUJRANWALA DISTRICT,58,10336,14151,24487
GUJRANWALA DISTRICT,59,9897,13445,23342
GUJRANWALA DISTRICT,60,10120,15156,25276
GUJRANWALA DISTRICT,61,8874,11983,20857
GUJRANWALA DISTRICT,62,8620,11908,20528
GUJRANWALA DISTRICT,63,8060,12046,20106
GUJRANWALA DISTRICT,64,7614,10163,17777
GUJRANWALA DISTRICT,65,7611,10792,18403
GUJRANWALA DISTRICT,66,5411,6883,12294
GUJRANWALA DISTRICT,67,5120,5820,10940
GUJRANWALA DISTRICT,68,5345,6825,12170
GUJRANWALA DISTRICT,69,5497,6493,11990
GUJRANWALA DISTRICT,70,6853,7968,14821
GUJRANWALA DISTRICT,71,5038,5712,10750
GUJRANWALA DISTRICT,72,5103,5580,10683
GUJRANWALA DISTRICT,73,4575,5416,9991
GUJRANWALA DISTRICT,74,4238,4550,8788
GUJRANWALA DISTRICT,>=75,36996,37548,74544
GUJRAT DISTRICT,<1,42525,17418,59943
GUJRAT DISTRICT,1,45930,18699,64629
GUJRAT DISTRICT,2,46239,18950,65189
GUJRAT DISTRICT,3,48837,20381,69218
GUJRAT DISTRICT,4,46143,18773,64916
GUJRAT DISTRICT,5,47114,19508,66622
GUJRAT DISTRICT,6,46362,18939,65301
GUJRAT DISTRICT,7,49780,20390,70170
GUJRAT DISTRICT,8,43727,17731,61458
GUJRAT DISTRICT,9,49067,20474,69541
GUJRAT DISTRICT,10,41008,16676,57684
GUJRAT DISTRICT,11,48320,19476,67796
GUJRAT DISTRICT,12,40819,16501,57320
GUJRAT DISTRICT,13,45625,18366,63991
GUJRAT DISTRICT,14,41129,16571,57700
GUJRAT DISTRICT,15,41856,16823,58679
GUJRAT DISTRICT,16,42698,16620,59318
GUJRAT DISTRICT,17,43292,17851,61143
GUJRAT DISTRICT,18,36022,14402,50424
GUJRAT DISTRICT,19,41083,16913,57996
GUJRAT DISTRICT,20,33156,13985,47141
GUJRAT DISTRICT,21,39825,17533,57358
GUJRAT DISTRICT,22,34876,15221,50097
GUJRAT DISTRICT,23,35354,16431,51785
GUJRAT DISTRICT,24,33618,16055,49673
GUJRAT DISTRICT,25,27713,13400,41113
GUJRAT DISTRICT,26,31252,15882,47134
GUJRAT DISTRICT,27,30629,15704,46333
GUJRAT DISTRICT,28,28986,14604,43590
GUJRAT DISTRICT,29,29003,14948,43951
GUJRAT DISTRICT,30,27011,13667,40678
GUJRAT DISTRICT,31,27479,14196,41675
GUJRAT DISTRICT,32,25969,13624,39593
GUJRAT DISTRICT,33,25661,13237,38898
GUJRAT DISTRICT,34,23632,12120,35752
GUJRAT DISTRICT,35,22143,11057,33200
GUJRAT DISTRICT,36,21747,10909,32656
GUJRAT DISTRICT,37,19854,10089,29943
GUJRAT DISTRICT,38,22013,11348,33361
GUJRAT DISTRICT,39,20607,10251,30858
GUJRAT DISTRICT,40,20611,10500,31111
GUJRAT DISTRICT,41,18432,8727,27159
GUJRAT DISTRICT,42,17097,8511,25608
GUJRAT DISTRICT,43,17512,8426,25938
GUJRAT DISTRICT,44,16380,7579,23959
GUJRAT DISTRICT,45,16147,7856,24003
GUJRAT DISTRICT,46,15243,6497,21740
GUJRAT DISTRICT,47,14002,6192,20194
GUJRAT DISTRICT,48,16768,7288,24056
GUJRAT DISTRICT,49,16338,6924,23262
GUJRAT DISTRICT,50,17047,7730,24777
GUJRAT DISTRICT,51,15004,6210,21214
GUJRAT DISTRICT,52,14976,6398,21374
GUJRAT DISTRICT,53,15201,6637,21838
GUJRAT DISTRICT,54,14566,5934,20500
GUJRAT DISTRICT,55,13820,6000,19820
GUJRAT DISTRICT,56,11515,4709,16224
GUJRAT DISTRICT,57,9915,3956,13871
GUJRAT DISTRICT,58,12040,4481,16521
GUJRAT DISTRICT,59,11769,4410,16179
GUJRAT DISTRICT,60,12756,4959,17715
GUJRAT DISTRICT,61,11570,4414,15984
GUJRAT DISTRICT,62,11371,4133,15504
GUJRAT DISTRICT,63,11291,4255,15546
GUJRAT DISTRICT,64,10079,3387,13466
GUJRAT DISTRICT,65,10203,3581,13784
GUJRAT DISTRICT,66,7690,2433,10123
GUJRAT DISTRICT,67,7022,2231,9253
GUJRAT DISTRICT,68,7834,2492,10326
GUJRAT DISTRICT,69,7337,2253,9590
GUJRAT DISTRICT,70,8340,2605,10945
GUJRAT DISTRICT,71,6430,1961,8391
GUJRAT DISTRICT,72,6623,1944,8567
GUJRAT DISTRICT,73,6106,1911,8017
GUJRAT DISTRICT,74,5379,1524,6903
GUJRAT DISTRICT,>=75,46271,12729,59000
GWADAR DISTRICT,<1,2355,3683,6038
GWADAR DISTRICT,1,2620,3969,6589
GWADAR DISTRICT,2,2845,4263,7108
GWADAR DISTRICT,3,3192,4496,7688
GWADAR DISTRICT,4,2958,4317,7275
GWADAR DISTRICT,5,3340,4420,7760
GWADAR DISTRICT,6,3009,4131,7140
GWADAR DISTRICT,7,3294,4539,7833
GWADAR DISTRICT,8,3316,4579,7895
GWADAR DISTRICT,9,2855,4303,7158
GWADAR DISTRICT,10,3064,4371,7435
GWADAR DISTRICT,11,2654,3895,6549
GWADAR DISTRICT,12,2496,3724,6220
GWADAR DISTRICT,13,2355,3438,5793
GWADAR DISTRICT,14,2254,3511,5765
GWADAR DISTRICT,15,2334,3554,5888
GWADAR DISTRICT,16,2137,3412,5549
GWADAR DISTRICT,17,2320,3723,6043
GWADAR DISTRICT,18,2204,3809,6013
GWADAR DISTRICT,19,2069,3757,5826
GWADAR DISTRICT,20,2143,3553,5696
GWADAR DISTRICT,21,1728,3286,5014
GWADAR DISTRICT,22,1317,2975,4292
GWADAR DISTRICT,23,1457,2816,4273
GWADAR DISTRICT,24,1384,2587,3971
GWADAR DISTRICT,25,1626,3252,4878
GWADAR DISTRICT,26,1260,2610,3870
GWADAR DISTRICT,27,1745,3111,4856
GWADAR DISTRICT,28,1453,2782,4235
GWADAR DISTRICT,29,1597,2937,4534
GWADAR DISTRICT,30,1568,2860,4428
GWADAR DISTRICT,31,1618,2930,4548
GWADAR DISTRICT,32,1378,2488,3866
GWADAR DISTRICT,33,1282,2400,3682
GWADAR DISTRICT,34,986,1908,2894
GWADAR DISTRICT,35,1398,2312,3710
GWADAR DISTRICT,36,1115,1655,2770
GWADAR DISTRICT,37,1784,2131,3915
GWADAR DISTRICT,38,1052,1853,2905
GWADAR DISTRICT,39,1252,1885,3137
GWADAR DISTRICT,40,889,1903,2792
GWADAR DISTRICT,41,924,1775,2699
GWADAR DISTRICT,42,986,1529,2515
GWADAR DISTRICT,43,801,1456,2257
GWADAR DISTRICT,44,704,1062,1766
GWADAR DISTRICT,45,622,1277,1899
GWADAR DISTRICT,46,583,937,1520
GWADAR DISTRICT,47,811,1214,2025
GWADAR DISTRICT,48,520,1017,1537
GWADAR DISTRICT,49,634,1129,1763
GWADAR DISTRICT,50,587,1050,1637
GWADAR DISTRICT,51,598,967,1565
GWADAR DISTRICT,52,571,833,1404
GWADAR DISTRICT,53,477,878,1355
GWADAR DISTRICT,54,515,774,1289
GWADAR DISTRICT,55,409,743,1152
GWADAR DISTRICT,56,386,616,1002
GWADAR DISTRICT,57,536,729,1265
GWADAR DISTRICT,58,387,670,1057
GWADAR DISTRICT,59,511,789,1300
GWADAR DISTRICT,60,380,637,1017
GWADAR DISTRICT,61,373,532,905
GWADAR DISTRICT,62,406,518,924
GWADAR DISTRICT,63,418,548,966
GWADAR DISTRICT,64,568,585,1153
GWADAR DISTRICT,65,309,517,826
GWADAR DISTRICT,66,224,277,501
GWADAR DISTRICT,67,315,311,626
GWADAR DISTRICT,68,276,346,622
GWADAR DISTRICT,69,530,399,929
GWADAR DISTRICT,70,219,298,517
GWADAR DISTRICT,71,175,208,383
GWADAR DISTRICT,72,159,164,323
GWADAR DISTRICT,73,181,194,375
GWADAR DISTRICT,74,273,256,529
GWADAR DISTRICT,>=75,1403,1416,2819
HAFIZABAD DISTRICT,<1,18245,9470,27715
HAFIZABAD DISTRICT,1,18784,9922,28706
HAFIZABAD DISTRICT,2,19159,9636,28795
HAFIZABAD DISTRICT,3,20673,10535,31208
HAFIZABAD DISTRICT,4,21209,10372,31581
HAFIZABAD DISTRICT,5,20397,9975,30372
HAFIZABAD DISTRICT,6,20566,10134,30700
HAFIZABAD DISTRICT,7,21288,10838,32126
HAFIZABAD DISTRICT,8,20800,9984,30784
HAFIZABAD DISTRICT,9,19897,10481,30378
HAFIZABAD DISTRICT,10,19017,9330,28347
HAFIZABAD DISTRICT,11,18310,10208,28518
HAFIZABAD DISTRICT,12,17542,9119,26661
HAFIZABAD DISTRICT,13,16647,9465,26112
HAFIZABAD DISTRICT,14,16114,8853,24967
HAFIZABAD DISTRICT,15,15939,8584,24523
HAFIZABAD DISTRICT,16,15938,9103,25041
HAFIZABAD DISTRICT,17,15272,8881,24153
HAFIZABAD DISTRICT,18,15186,8263,23449
HAFIZABAD DISTRICT,19,14567,8636,23203
HAFIZABAD DISTRICT,20,14168,7697,21865
HAFIZABAD DISTRICT,21,13659,8306,21965
HAFIZABAD DISTRICT,22,13503,7810,21313
HAFIZABAD DISTRICT,23,12103,7312,19415
HAFIZABAD DISTRICT,24,11673,7162,18835
HAFIZABAD DISTRICT,25,12286,6657,18943
HAFIZABAD DISTRICT,26,11495,7192,18687
HAFIZABAD DISTRICT,27,10675,6490,17165
HAFIZABAD DISTRICT,28,10932,6516,17448
HAFIZABAD DISTRICT,29,10291,6051,16342
HAFIZABAD DISTRICT,30,11472,6558,18030
HAFIZABAD DISTRICT,31,9797,5865,15662
HAFIZABAD DISTRICT,32,9628,5954,15582
HAFIZABAD DISTRICT,33,8991,5474,14465
HAFIZABAD DISTRICT,34,8963,5198,14161
HAFIZABAD DISTRICT,35,9734,5327,15061
HAFIZABAD DISTRICT,36,9787,5042,14829
HAFIZABAD DISTRICT,37,8786,4401,13187
HAFIZABAD DISTRICT,38,8709,5078,13787
HAFIZABAD DISTRICT,39,8758,4558,13316
HAFIZABAD DISTRICT,40,8488,4959,13447
HAFIZABAD DISTRICT,41,8314,4359,12673
HAFIZABAD DISTRICT,42,7500,3983,11483
HAFIZABAD DISTRICT,43,6642,3737,10379
HAFIZABAD DISTRICT,44,6448,3556,10004
HAFIZABAD DISTRICT,45,6390,3676,10066
HAFIZABAD DISTRICT,46,6524,3318,9842
HAFIZABAD DISTRICT,47,6137,3026,9163
HAFIZABAD DISTRICT,48,6139,3487,9626
HAFIZABAD DISTRICT,49,6038,3256,9294
HAFIZABAD DISTRICT,50,6026,3504,9530
HAFIZABAD DISTRICT,51,6078,3234,9312
HAFIZABAD DISTRICT,52,5505,2953,8458
HAFIZABAD DISTRICT,53,5153,2917,8070
HAFIZABAD DISTRICT,54,4547,2727,7274
HAFIZABAD DISTRICT,55,4265,2540,6805
HAFIZABAD DISTRICT,56,4263,2060,6323
HAFIZABAD DISTRICT,57,3656,1650,5306
HAFIZABAD DISTRICT,58,3788,1908,5696
HAFIZABAD DISTRICT,59,3835,1904,5739
HAFIZABAD DISTRICT,60,4168,2112,6280
HAFIZABAD DISTRICT,61,3778,1701,5479
HAFIZABAD DISTRICT,62,3290,1604,4894
HAFIZABAD DISTRICT,63,3411,1652,5063
HAFIZABAD DISTRICT,64,3204,1405,4609
HAFIZABAD DISTRICT,65,3202,1435,4637
HAFIZABAD DISTRICT,66,2722,1078,3800
HAFIZABAD DISTRICT,67,2300,816,3116
HAFIZABAD DISTRICT,68,2357,948,3305
HAFIZABAD DISTRICT,69,2543,968,3511
HAFIZABAD DISTRICT,70,2821,1132,3953
HAFIZABAD DISTRICT,71,2179,887,3066
HAFIZABAD DISTRICT,72,1906,744,2650
HAFIZABAD DISTRICT,73,1829,759,2588
HAFIZABAD DISTRICT,74,1872,639,2511
HAFIZABAD DISTRICT,>=75,15947,5658,21605
HANGU DISTRICT,<1,11339,2801,14140
HANGU DISTRICT,1,12630,2848,15478
HANGU DISTRICT,2,13895,3181,17076
HANGU DISTRICT,3,15085,3403,18488
HANGU DISTRICT,4,14243,3292,17535
HANGU DISTRICT,5,14481,3210,17691
HANGU DISTRICT,6,13342,3097,16439
HANGU DISTRICT,7,13912,3283,17195
HANGU DISTRICT,8,13508,3015,16523
HANGU DISTRICT,9,13213,3010,16223
HANGU DISTRICT,10,12260,2751,15011
HANGU DISTRICT,11,11936,2825,14761
HANGU DISTRICT,12,11094,2579,13673
HANGU DISTRICT,13,11227,2836,14063
HANGU DISTRICT,14,10567,2575,13142
HANGU DISTRICT,15,10686,2590,13276
HANGU DISTRICT,16,10154,2440,12594
HANGU DISTRICT,17,9502,2285,11787
HANGU DISTRICT,18,9394,2109,11503
HANGU DISTRICT,19,8811,2099,10910
HANGU DISTRICT,20,8168,1897,10065
HANGU DISTRICT,21,7673,1881,9554
HANGU DISTRICT,22,6740,1683,8423
HANGU DISTRICT,23,7266,1765,9031
HANGU DISTRICT,24,6431,1624,8055
HANGU DISTRICT,25,7123,1681,8804
HANGU DISTRICT,26,6633,1691,8324
HANGU DISTRICT,27,6460,1745,8205
HANGU DISTRICT,28,6003,1597,7600
HANGU DISTRICT,29,5929,1601,7530
HANGU DISTRICT,30,5981,1550,7531
HANGU DISTRICT,31,5396,1461,6857
HANGU DISTRICT,32,4330,1294,5624
HANGU DISTRICT,33,4550,1318,5868
HANGU DISTRICT,34,3863,1021,4884
HANGU DISTRICT,35,4174,1142,5316
HANGU DISTRICT,36,3477,908,4385
HANGU DISTRICT,37,3316,1019,4335
HANGU DISTRICT,38,3595,972,4567
HANGU DISTRICT,39,3219,939,4158
HANGU DISTRICT,40,3713,1057,4770
HANGU DISTRICT,41,2891,821,3712
HANGU DISTRICT,42,2371,727,3098
HANGU DISTRICT,43,2720,780,3500
HANGU DISTRICT,44,2177,664,2841
HANGU DISTRICT,45,2567,706,3273
HANGU DISTRICT,46,2163,563,2726
HANGU DISTRICT,47,1976,634,2610
HANGU DISTRICT,48,2097,574,2671
HANGU DISTRICT,49,2013,546,2559
HANGU DISTRICT,50,2713,709,3422
HANGU DISTRICT,51,1925,586,2511
HANGU DISTRICT,52,1720,559,2279
HANGU DISTRICT,53,1933,546,2479
HANGU DISTRICT,54,1622,480,2102
HANGU DISTRICT,55,2041,502,2543
HANGU DISTRICT,56,1543,390,1933
HANGU DISTRICT,57,1371,422,1793
HANGU DISTRICT,58,1530,395,1925
HANGU DISTRICT,59,1407,401,1808
HANGU DISTRICT,60,1915,415,2330
HANGU DISTRICT,61,1619,455,2074
HANGU DISTRICT,62,1482,419,1901
HANGU DISTRICT,63,1593,390,1983
HANGU DISTRICT,64,1416,367,1783
HANGU DISTRICT,65,1360,291,1651
HANGU DISTRICT,66,1153,253,1406
HANGU DISTRICT,67,1122,344,1466
HANGU DISTRICT,68,1066,242,1308
HANGU DISTRICT,69,926,205,1131
HANGU DISTRICT,70,974,190,1164
HANGU DISTRICT,71,805,189,994
HANGU DISTRICT,72,762,201,963
HANGU DISTRICT,73,707,172,879
HANGU DISTRICT,74,574,155,729
HANGU DISTRICT,>=75,4736,1134,5870
HARIPUR DISTRICT,<1,22790,2915,25705
HARIPUR DISTRICT,1,22832,3056,25888
HARIPUR DISTRICT,2,22243,2950,25193
HARIPUR DISTRICT,3,23255,3150,26405
HARIPUR DISTRICT,4,21439,2964,24403
HARIPUR DISTRICT,5,21380,2908,24288
HARIPUR DISTRICT,6,21219,2957,24176
HARIPUR DISTRICT,7,22446,3121,25567
HARIPUR DISTRICT,8,19190,2624,21814
HARIPUR DISTRICT,9,22818,3228,26046
HARIPUR DISTRICT,10,17094,2421,19515
HARIPUR DISTRICT,11,21612,3114,24726
HARIPUR DISTRICT,12,16646,2436,19082
HARIPUR DISTRICT,13,19283,2845,22128
HARIPUR DISTRICT,14,16957,2607,19564
HARIPUR DISTRICT,15,17411,2542,19953
HARIPUR DISTRICT,16,17690,2741,20431
HARIPUR DISTRICT,17,18035,2798,20833
HARIPUR DISTRICT,18,15033,2242,17275
HARIPUR DISTRICT,19,18192,2815,21007
HARIPUR DISTRICT,20,14054,2096,16150
HARIPUR DISTRICT,21,17943,2818,20761
HARIPUR DISTRICT,22,14710,2463,17173
HARIPUR DISTRICT,23,16612,2617,19229
HARIPUR DISTRICT,24,15837,2427,18264
HARIPUR DISTRICT,25,12407,2051,14458
HARIPUR DISTRICT,26,15106,2391,17497
HARIPUR DISTRICT,27,14706,2367,17073
HARIPUR DISTRICT,28,13296,2232,15528
HARIPUR DISTRICT,29,14227,2264,16491
HARIPUR DISTRICT,30,11344,2038,13382
HARIPUR DISTRICT,31,14488,2294,16782
HARIPUR DISTRICT,32,12620,2063,14683
HARIPUR DISTRICT,33,12675,2017,14692
HARIPUR DISTRICT,34,12643,1923,14566
HARIPUR DISTRICT,35,9295,1722,11017
HARIPUR DISTRICT,36,11805,1854,13659
HARIPUR DISTRICT,37,10585,1678,12263
HARIPUR DISTRICT,38,10764,1947,12711
HARIPUR DISTRICT,39,10654,1633,12287
HARIPUR DISTRICT,40,8086,1648,9734
HARIPUR DISTRICT,41,9515,1660,11175
HARIPUR DISTRICT,42,8425,1593,10018
HARIPUR DISTRICT,43,8678,1580,10258
HARIPUR DISTRICT,44,8383,1440,9823
HARIPUR DISTRICT,45,6057,1241,7298
HARIPUR DISTRICT,46,8057,1277,9334
HARIPUR DISTRICT,47,7055,1105,8160
HARIPUR DISTRICT,48,7686,1212,8898
HARIPUR DISTRICT,49,7532,1172,8704
HARIPUR DISTRICT,50,6190,1197,7387
HARIPUR DISTRICT,51,7543,1146,8689
HARIPUR DISTRICT,52,6732,1100,7832
HARIPUR DISTRICT,53,6959,1133,8092
HARIPUR DISTRICT,54,6563,1094,7657
HARIPUR DISTRICT,55,4669,859,5528
HARIPUR DISTRICT,56,5495,879,6374
HARIPUR DISTRICT,57,4632,764,5396
HARIPUR DISTRICT,58,4742,774,5516
HARIPUR DISTRICT,59,5018,736,5754
HARIPUR DISTRICT,60,3982,842,4824
HARIPUR DISTRICT,61,5338,800,6138
HARIPUR DISTRICT,62,4947,692,5639
HARIPUR DISTRICT,63,4748,796,5544
HARIPUR DISTRICT,64,4375,642,5017
HARIPUR DISTRICT,65,3076,538,3614
HARIPUR DISTRICT,66,4025,535,4560
HARIPUR DISTRICT,67,3624,469,4093
HARIPUR DISTRICT,68,3249,466,3715
HARIPUR DISTRICT,69,3133,453,3586
HARIPUR DISTRICT,70,2297,437,2734
HARIPUR DISTRICT,71,3005,372,3377
HARIPUR DISTRICT,72,2852,374,3226
HARIPUR DISTRICT,73,2277,359,2636
HARIPUR DISTRICT,74,1970,298,2268
HARIPUR DISTRICT,>=75,14164,2088,16252
HARNAI DISTRICT,<1,1904,701,2605
HARNAI DISTRICT,1,2371,630,3001
HARNAI DISTRICT,2,2688,815,3503
HARNAI DISTRICT,3,2627,806,3433
HARNAI DISTRICT,4,2897,782,3679
HARNAI DISTRICT,5,2587,783,3370
HARNAI DISTRICT,6,2839,724,3563
HARNAI DISTRICT,7,2533,712,3245
HARNAI DISTRICT,8,2749,731,3480
HARNAI DISTRICT,9,2176,650,2826
HARNAI DISTRICT,10,2285,611,2896
HARNAI DISTRICT,11,1691,560,2251
HARNAI DISTRICT,12,1721,482,2203
HARNAI DISTRICT,13,1373,472,1845
HARNAI DISTRICT,14,1345,475,1820
HARNAI DISTRICT,15,1376,422,1798
HARNAI DISTRICT,16,1133,465,1598
HARNAI DISTRICT,17,1067,441,1508
HARNAI DISTRICT,18,1375,462,1837
HARNAI DISTRICT,19,1164,425,1589
HARNAI DISTRICT,20,1297,492,1789
HARNAI DISTRICT,21,1060,573,1633
HARNAI DISTRICT,22,882,449,1331
HARNAI DISTRICT,23,1042,480,1522
HARNAI DISTRICT,24,913,465,1378
HARNAI DISTRICT,25,1361,562,1923
HARNAI DISTRICT,26,1262,494,1756
HARNAI DISTRICT,27,1279,467,1746
HARNAI DISTRICT,28,1037,507,1544
HARNAI DISTRICT,29,1300,470,1770
HARNAI DISTRICT,30,1159,446,1605
HARNAI DISTRICT,31,1118,465,1583
HARNAI DISTRICT,32,1027,373,1400
HARNAI DISTRICT,33,1002,376,1378
HARNAI DISTRICT,34,739,330,1069
HARNAI DISTRICT,35,834,312,1146
HARNAI DISTRICT,36,607,291,898
HARNAI DISTRICT,37,1035,323,1358
HARNAI DISTRICT,38,638,278,916
HARNAI DISTRICT,39,817,272,1089
HARNAI DISTRICT,40,662,289,951
HARNAI DISTRICT,41,615,249,864
HARNAI DISTRICT,42,554,213,767
HARNAI DISTRICT,43,518,173,691
HARNAI DISTRICT,44,399,150,549
HARNAI DISTRICT,45,450,178,628
HARNAI DISTRICT,46,491,162,653
HARNAI DISTRICT,47,634,167,801
HARNAI DISTRICT,48,391,138,529
HARNAI DISTRICT,49,476,134,610
HARNAI DISTRICT,50,489,140,629
HARNAI DISTRICT,51,423,147,570
HARNAI DISTRICT,52,415,120,535
HARNAI DISTRICT,53,361,105,466
HARNAI DISTRICT,54,329,105,434
HARNAI DISTRICT,55,283,106,389
HARNAI DISTRICT,56,227,93,320
HARNAI DISTRICT,57,361,99,460
HARNAI DISTRICT,58,237,90,327
HARNAI DISTRICT,59,324,121,445
HARNAI DISTRICT,60,292,125,417
HARNAI DISTRICT,61,298,93,391
HARNAI DISTRICT,62,266,55,321
HARNAI DISTRICT,63,252,85,337
HARNAI DISTRICT,64,244,64,308
HARNAI DISTRICT,65,176,55,231
HARNAI DISTRICT,66,194,62,256
HARNAI DISTRICT,67,210,46,256
HARNAI DISTRICT,68,123,36,159
HARNAI DISTRICT,69,176,41,217
HARNAI DISTRICT,70,135,31,166
HARNAI DISTRICT,71,163,33,196
HARNAI DISTRICT,72,156,29,185
HARNAI DISTRICT,73,119,27,146
HARNAI DISTRICT,74,89,16,105
HARNAI DISTRICT,>=75,648,211,859
HYDERABAD DISTRICT,<1,8582,37557,46139
HYDERABAD DISTRICT,1,9599,40181,49780
HYDERABAD DISTRICT,2,11215,43079,54294
HYDERABAD DISTRICT,3,12562,47210,59772
HYDERABAD DISTRICT,4,12554,44679,57233
HYDERABAD DISTRICT,5,12835,45687,58522
HYDERABAD DISTRICT,6,12194,42420,54614
HYDERABAD DISTRICT,7,11198,44448,55646
HYDERABAD DISTRICT,8,12660,40950,53610
HYDERABAD DISTRICT,9,9721,41696,51417
HYDERABAD DISTRICT,10,11425,38080,49505
HYDERABAD DISTRICT,11,7919,40243,48162
HYDERABAD DISTRICT,12,9321,36748,46069
HYDERABAD DISTRICT,13,7351,37258,44609
HYDERABAD DISTRICT,14,7507,34753,42260
HYDERABAD DISTRICT,15,8123,37839,45962
HYDERABAD DISTRICT,16,7688,38286,45974
HYDERABAD DISTRICT,17,6630,39978,46608
HYDERABAD DISTRICT,18,8643,38048,46691
HYDERABAD DISTRICT,19,6924,38054,44978
HYDERABAD DISTRICT,20,8239,36950,45189
HYDERABAD DISTRICT,21,6058,38035,44093
HYDERABAD DISTRICT,22,6389,37090,43479
HYDERABAD DISTRICT,23,5415,34277,39692
HYDERABAD DISTRICT,24,5243,33873,39116
HYDERABAD DISTRICT,25,6571,32240,38811
HYDERABAD DISTRICT,26,5722,33791,39513
HYDERABAD DISTRICT,27,5686,31732,37418
HYDERABAD DISTRICT,28,6024,33915,39939
HYDERABAD DISTRICT,29,5787,30802,36589
HYDERABAD DISTRICT,30,5877,32507,38384
HYDERABAD DISTRICT,31,5682,31743,37425
HYDERABAD DISTRICT,32,5058,30481,35539
HYDERABAD DISTRICT,33,5022,29059,34081
HYDERABAD DISTRICT,34,4589,26903,31492
HYDERABAD DISTRICT,35,4904,25082,29986
HYDERABAD DISTRICT,36,4664,24997,29661
HYDERABAD DISTRICT,37,5080,22677,27757
HYDERABAD DISTRICT,38,4400,25907,30307
HYDERABAD DISTRICT,39,4644,23708,28352
HYDERABAD DISTRICT,40,4022,22992,27014
HYDERABAD DISTRICT,41,3713,22170,25883
HYDERABAD DISTRICT,42,3343,20108,23451
HYDERABAD DISTRICT,43,3114,20200,23314
HYDERABAD DISTRICT,44,3069,18569,21638
HYDERABAD DISTRICT,45,2980,16883,19863
HYDERABAD DISTRICT,46,2883,16856,19739
HYDERABAD DISTRICT,47,3055,15125,18180
HYDERABAD DISTRICT,48,2776,17229,20005
HYDERABAD DISTRICT,49,2863,16419,19282
HYDERABAD DISTRICT,50,2481,14991,17472
HYDERABAD DISTRICT,51,2295,15075,17370
HYDERABAD DISTRICT,52,2133,13973,16106
HYDERABAD DISTRICT,53,1659,13484,15143
HYDERABAD DISTRICT,54,1632,11940,13572
HYDERABAD DISTRICT,55,1592,11099,12691
HYDERABAD DISTRICT,56,1459,10228,11687
HYDERABAD DISTRICT,57,1658,9158,10816
HYDERABAD DISTRICT,58,1482,9325,10807
HYDERABAD DISTRICT,59,1514,8687,10201
HYDERABAD DISTRICT,60,1637,7668,9305
HYDERABAD DISTRICT,61,1385,8870,10255
HYDERABAD DISTRICT,62,1403,8497,9900
HYDERABAD DISTRICT,63,1343,8352,9695
HYDERABAD DISTRICT,64,1341,6875,8216
HYDERABAD DISTRICT,65,1109,5928,7037
HYDERABAD DISTRICT,66,901,4974,5875
HYDERABAD DISTRICT,67,968,4479,5447
HYDERABAD DISTRICT,68,823,5254,6077
HYDERABAD DISTRICT,69,868,4265,5133
HYDERABAD DISTRICT,70,727,3622,4349
HYDERABAD DISTRICT,71,585,3553,4138
HYDERABAD DISTRICT,72,527,3394,3921
HYDERABAD DISTRICT,73,497,3518,4015
HYDERABAD DISTRICT,74,478,2437,2915
HYDERABAD DISTRICT,>=75,3390,17358,20748
JACOBABAD DISTRICT,<1,19169,7093,26262
JACOBABAD DISTRICT,1,22085,8018,30103
JACOBABAD DISTRICT,2,27765,9313,37078
JACOBABAD DISTRICT,3,29161,10259,39420
JACOBABAD DISTRICT,4,30305,10236,40541
JACOBABAD DISTRICT,5,28258,10005,38263
JACOBABAD DISTRICT,6,28592,9089,37681
JACOBABAD DISTRICT,7,27274,10466,37740
JACOBABAD DISTRICT,8,31398,9940,41338
JACOBABAD DISTRICT,9,22731,9141,31872
JACOBABAD DISTRICT,10,26635,8700,35335
JACOBABAD DISTRICT,11,16376,7243,23619
JACOBABAD DISTRICT,12,19681,7740,27421
JACOBABAD DISTRICT,13,13707,6745,20452
JACOBABAD DISTRICT,14,14825,6691,21516
JACOBABAD DISTRICT,15,13470,6843,20313
JACOBABAD DISTRICT,16,13578,6606,20184
JACOBABAD DISTRICT,17,11431,6876,18307
JACOBABAD DISTRICT,18,15034,6786,21820
JACOBABAD DISTRICT,19,11213,5960,17173
JACOBABAD DISTRICT,20,12110,5678,17788
JACOBABAD DISTRICT,21,8831,4901,13732
JACOBABAD DISTRICT,22,8610,4721,13331
JACOBABAD DISTRICT,23,7470,4470,11940
JACOBABAD DISTRICT,24,7437,4128,11565
JACOBABAD DISTRICT,25,9730,4475,14205
JACOBABAD DISTRICT,26,8142,4026,12168
JACOBABAD DISTRICT,27,9687,4843,14530
JACOBABAD DISTRICT,28,8884,4425,13309
JACOBABAD DISTRICT,29,10643,4744,15387
JACOBABAD DISTRICT,30,8906,4266,13172
JACOBABAD DISTRICT,31,9279,4364,13643
JACOBABAD DISTRICT,32,8753,4027,12780
JACOBABAD DISTRICT,33,8225,3948,12173
JACOBABAD DISTRICT,34,7373,3490,10863
JACOBABAD DISTRICT,35,7467,3464,10931
JACOBABAD DISTRICT,36,7964,3068,11032
JACOBABAD DISTRICT,37,10436,3943,14379
JACOBABAD DISTRICT,38,7138,3213,10351
JACOBABAD DISTRICT,39,7921,3468,11389
JACOBABAD DISTRICT,40,5741,2791,8532
JACOBABAD DISTRICT,41,5868,2548,8416
JACOBABAD DISTRICT,42,5965,2524,8489
JACOBABAD DISTRICT,43,4617,2349,6966
JACOBABAD DISTRICT,44,4362,2162,6524
JACOBABAD DISTRICT,45,4247,2191,6438
JACOBABAD DISTRICT,46,4485,1876,6361
JACOBABAD DISTRICT,47,5902,2421,8323
JACOBABAD DISTRICT,48,4275,2097,6372
JACOBABAD DISTRICT,49,4696,2188,6884
JACOBABAD DISTRICT,50,3652,1837,5489
JACOBABAD DISTRICT,51,3950,1830,5780
JACOBABAD DISTRICT,52,3946,1708,5654
JACOBABAD DISTRICT,53,2939,1541,4480
JACOBABAD DISTRICT,54,2537,1286,3823
JACOBABAD DISTRICT,55,2633,1245,3878
JACOBABAD DISTRICT,56,2672,1055,3727
JACOBABAD DISTRICT,57,3832,1446,5278
JACOBABAD DISTRICT,58,2101,1013,3114
JACOBABAD DISTRICT,59,2468,1115,3583
JACOBABAD DISTRICT,60,2230,999,3229
JACOBABAD DISTRICT,61,2215,1003,3218
JACOBABAD DISTRICT,62,2565,1103,3668
JACOBABAD DISTRICT,63,1913,964,2877
JACOBABAD DISTRICT,64,1792,806,2598
JACOBABAD DISTRICT,65,1655,755,2410
JACOBABAD DISTRICT,66,1905,672,2577
JACOBABAD DISTRICT,67,2353,850,3203
JACOBABAD DISTRICT,68,1307,592,1899
JACOBABAD DISTRICT,69,1459,534,1993
JACOBABAD DISTRICT,70,1044,410,1454
JACOBABAD DISTRICT,71,1236,459,1695
JACOBABAD DISTRICT,72,1215,426,1641
JACOBABAD DISTRICT,73,832,366,1198
JACOBABAD DISTRICT,74,705,258,963
JACOBABAD DISTRICT,>=75,6783,2386,9169
JAFFARABAD DISTRICT,<1,9796,3741,13537
JAFFARABAD DISTRICT,1,12128,5025,17153
JAFFARABAD DISTRICT,2,14755,5684,20439
JAFFARABAD DISTRICT,3,14872,6542,21414
JAFFARABAD DISTRICT,4,15477,5978,21455
JAFFARABAD DISTRICT,5,14800,5976,20776
JAFFARABAD DISTRICT,6,14949,5266,20215
JAFFARABAD DISTRICT,7,13762,6241,20003
JAFFARABAD DISTRICT,8,15145,5389,20534
JAFFARABAD DISTRICT,9,11118,5061,16179
JAFFARABAD DISTRICT,10,12552,4468,17020
JAFFARABAD DISTRICT,11,8068,4051,12119
JAFFARABAD DISTRICT,12,9627,3993,13620
JAFFARABAD DISTRICT,13,6611,3474,10085
JAFFARABAD DISTRICT,14,7596,3279,10875
JAFFARABAD DISTRICT,15,6354,3437,9791
JAFFARABAD DISTRICT,16,7022,3185,10207
JAFFARABAD DISTRICT,17,5517,3366,8883
JAFFARABAD DISTRICT,18,8164,3338,11502
JAFFARABAD DISTRICT,19,5745,3078,8823
JAFFARABAD DISTRICT,20,6000,2562,8562
JAFFARABAD DISTRICT,21,4512,2501,7013
JAFFARABAD DISTRICT,22,4185,2211,6396
JAFFARABAD DISTRICT,23,3750,2215,5965
JAFFARABAD DISTRICT,24,3870,2140,6010
JAFFARABAD DISTRICT,25,4674,2176,6850
JAFFARABAD DISTRICT,26,3989,1974,5963
JAFFARABAD DISTRICT,27,5125,2783,7908
JAFFARABAD DISTRICT,28,4385,2030,6415
JAFFARABAD DISTRICT,29,5015,2609,7624
JAFFARABAD DISTRICT,30,4417,1771,6188
JAFFARABAD DISTRICT,31,4542,2393,6935
JAFFARABAD DISTRICT,32,4597,2309,6906
JAFFARABAD DISTRICT,33,3851,1860,5711
JAFFARABAD DISTRICT,34,3702,1814,5516
JAFFARABAD DISTRICT,35,3739,1656,5395
JAFFARABAD DISTRICT,36,3978,1796,5774
JAFFARABAD DISTRICT,37,5359,2554,7913
JAFFARABAD DISTRICT,38,3422,1512,4934
JAFFARABAD DISTRICT,39,4020,1713,5733
JAFFARABAD DISTRICT,40,2980,1173,4153
JAFFARABAD DISTRICT,41,2944,1353,4297
JAFFARABAD DISTRICT,42,2984,1339,4323
JAFFARABAD DISTRICT,43,2142,1087,3229
JAFFARABAD DISTRICT,44,2004,936,2940
JAFFARABAD DISTRICT,45,1982,789,2771
JAFFARABAD DISTRICT,46,2237,919,3156
JAFFARABAD DISTRICT,47,2996,1379,4375
JAFFARABAD DISTRICT,48,1925,918,2843
JAFFARABAD DISTRICT,49,2051,1091,3142
JAFFARABAD DISTRICT,50,1789,748,2537
JAFFARABAD DISTRICT,51,1995,982,2977
JAFFARABAD DISTRICT,52,1885,939,2824
JAFFARABAD DISTRICT,53,1499,653,2152
JAFFARABAD DISTRICT,54,1375,626,2001
JAFFARABAD DISTRICT,55,1191,531,1722
JAFFARABAD DISTRICT,56,1378,561,1939
JAFFARABAD DISTRICT,57,1994,1018,3012
JAFFARABAD DISTRICT,58,1049,493,1542
JAFFARABAD DISTRICT,59,1255,619,1874
JAFFARABAD DISTRICT,60,1092,394,1486
JAFFARABAD DISTRICT,61,1132,602,1734
JAFFARABAD DISTRICT,62,1253,594,1847
JAFFARABAD DISTRICT,63,987,424,1411
JAFFARABAD DISTRICT,64,981,367,1348
JAFFARABAD DISTRICT,65,768,332,1100
JAFFARABAD DISTRICT,66,911,376,1287
JAFFARABAD DISTRICT,67,1164,553,1717
JAFFARABAD DISTRICT,68,627,246,873
JAFFARABAD DISTRICT,69,692,294,986
JAFFARABAD DISTRICT,70,570,183,753
JAFFARABAD DISTRICT,71,605,256,861
JAFFARABAD DISTRICT,72,519,191,710
JAFFARABAD DISTRICT,73,413,135,548
JAFFARABAD DISTRICT,74,390,129,519
JAFFARABAD DISTRICT,>=75,3312,1330,4642
JAMSHORO DISTRICT,<1,12071,9224,21295
JAMSHORO DISTRICT,1,14349,10683,25032
JAMSHORO DISTRICT,2,16871,12186,29057
JAMSHORO DISTRICT,3,18902,13836,32738
JAMSHORO DISTRICT,4,18946,12956,31902
JAMSHORO DISTRICT,5,19456,13743,33199
JAMSHORO DISTRICT,6,19042,12692,31734
JAMSHORO DISTRICT,7,16271,12960,29231
JAMSHORO DISTRICT,8,19182,12849,32031
JAMSHORO DISTRICT,9,14202,11661,25863
JAMSHORO DISTRICT,10,17257,11488,28745
JAMSHORO DISTRICT,11,11602,10068,21670
JAMSHORO DISTRICT,12,13530,10357,23887
JAMSHORO DISTRICT,13,10243,9170,19413
JAMSHORO DISTRICT,14,10918,8786,19704
JAMSHORO DISTRICT,15,11459,9867,21326
JAMSHORO DISTRICT,16,10859,8981,19840
JAMSHORO DISTRICT,17,9839,9206,19045
JAMSHORO DISTRICT,18,12100,9321,21421
JAMSHORO DISTRICT,19,9983,8564,18547
JAMSHORO DISTRICT,20,12166,9024,21190
JAMSHORO DISTRICT,21,9683,8067,17750
JAMSHORO DISTRICT,22,9685,8180,17865
JAMSHORO DISTRICT,23,8619,7397,16016
JAMSHORO DISTRICT,24,8295,6913,15208
JAMSHORO DISTRICT,25,10124,7735,17859
JAMSHORO DISTRICT,26,8543,6841,15384
JAMSHORO DISTRICT,27,8857,7115,15972
JAMSHORO DISTRICT,28,8857,7009,15866
JAMSHORO DISTRICT,29,8910,7273,16183
JAMSHORO DISTRICT,30,9089,7090,16179
JAMSHORO DISTRICT,31,8605,6631,15236
JAMSHORO DISTRICT,32,7816,6330,14146
JAMSHORO DISTRICT,33,7423,5775,13198
JAMSHORO DISTRICT,34,6896,5436,12332
JAMSHORO DISTRICT,35,7766,5781,13547
JAMSHORO DISTRICT,36,6467,4882,11349
JAMSHORO DISTRICT,37,7263,5302,12565
JAMSHORO DISTRICT,38,6289,5023,11312
JAMSHORO DISTRICT,39,6818,5237,12055
JAMSHORO DISTRICT,40,6358,4965,11323
JAMSHORO DISTRICT,41,5899,4466,10365
JAMSHORO DISTRICT,42,5614,4179,9793
JAMSHORO DISTRICT,43,4931,3900,8831
JAMSHORO DISTRICT,44,4803,3659,8462
JAMSHORO DISTRICT,45,4803,3717,8520
JAMSHORO DISTRICT,46,4128,3325,7453
JAMSHORO DISTRICT,47,4625,3598,8223
JAMSHORO DISTRICT,48,4077,3215,7292
JAMSHORO DISTRICT,49,4133,3376,7509
JAMSHORO DISTRICT,50,3920,3058,6978
JAMSHORO DISTRICT,51,3434,2904,6338
JAMSHORO DISTRICT,52,3406,2707,6113
JAMSHORO DISTRICT,53,2776,2433,5209
JAMSHORO DISTRICT,54,2681,2163,4844
JAMSHORO DISTRICT,55,2643,2260,4903
JAMSHORO DISTRICT,56,2235,1810,4045
JAMSHORO DISTRICT,57,2526,1909,4435
JAMSHORO DISTRICT,58,2178,1803,3981
JAMSHORO DISTRICT,59,2269,1717,3986
JAMSHORO DISTRICT,60,2252,1668,3920
JAMSHORO DISTRICT,61,2048,1693,3741
JAMSHORO DISTRICT,62,2158,1603,3761
JAMSHORO DISTRICT,63,1926,1497,3423
JAMSHORO DISTRICT,64,1960,1310,3270
JAMSHORO DISTRICT,65,1690,1206,2896
JAMSHORO DISTRICT,66,1356,969,2325
JAMSHORO DISTRICT,67,1487,986,2473
JAMSHORO DISTRICT,68,1311,958,2269
JAMSHORO DISTRICT,69,1462,845,2307
JAMSHORO DISTRICT,70,1200,713,1913
JAMSHORO DISTRICT,71,941,703,1644
JAMSHORO DISTRICT,72,976,626,1602
JAMSHORO DISTRICT,73,899,627,1526
JAMSHORO DISTRICT,74,900,480,1380
JAMSHORO DISTRICT,>=75,6029,3934,9963
JHAL MAGSI DISTRICT,<1,4003,149,4152
JHAL MAGSI DISTRICT,1,4869,241,5110
JHAL MAGSI DISTRICT,2,6186,207,6393
JHAL MAGSI DISTRICT,3,5840,249,6089
JHAL MAGSI DISTRICT,4,6511,293,6804
JHAL MAGSI DISTRICT,5,5688,240,5928
JHAL MAGSI DISTRICT,6,6149,245,6394
JHAL MAGSI DISTRICT,7,5249,297,5546
JHAL MAGSI DISTRICT,8,6118,259,6377
JHAL MAGSI DISTRICT,9,4392,261,4653
JHAL MAGSI DISTRICT,10,4995,245,5240
JHAL MAGSI DISTRICT,11,3149,213,3362
JHAL MAGSI DISTRICT,12,3756,182,3938
JHAL MAGSI DISTRICT,13,2583,190,2773
JHAL MAGSI DISTRICT,14,2863,190,3053
JHAL MAGSI DISTRICT,15,2439,206,2645
JHAL MAGSI DISTRICT,16,2524,176,2700
JHAL MAGSI DISTRICT,17,1985,202,2187
JHAL MAGSI DISTRICT,18,2999,171,3170
JHAL MAGSI DISTRICT,19,2296,139,2435
JHAL MAGSI DISTRICT,20,2617,152,2769
JHAL MAGSI DISTRICT,21,1811,156,1967
JHAL MAGSI DISTRICT,22,1589,136,1725
JHAL MAGSI DISTRICT,23,1581,127,1708
JHAL MAGSI DISTRICT,24,1386,102,1488
JHAL MAGSI DISTRICT,25,2073,123,2196
JHAL MAGSI DISTRICT,26,1500,87,1587
JHAL MAGSI DISTRICT,27,1872,140,2012
JHAL MAGSI DISTRICT,28,1925,91,2016
JHAL MAGSI DISTRICT,29,2057,159,2216
JHAL MAGSI DISTRICT,30,2058,108,2166
JHAL MAGSI DISTRICT,31,1774,132,1906
JHAL MAGSI DISTRICT,32,1591,93,1684
JHAL MAGSI DISTRICT,33,1484,68,1552
JHAL MAGSI DISTRICT,34,1250,69,1319
JHAL MAGSI DISTRICT,35,1702,83,1785
JHAL MAGSI DISTRICT,36,1234,62,1296
JHAL MAGSI DISTRICT,37,1755,103,1858
JHAL MAGSI DISTRICT,38,1349,69,1418
JHAL MAGSI DISTRICT,39,1452,91,1543
JHAL MAGSI DISTRICT,40,1477,62,1539
JHAL MAGSI DISTRICT,41,1165,72,1237
JHAL MAGSI DISTRICT,42,1168,78,1246
JHAL MAGSI DISTRICT,43,912,69,981
JHAL MAGSI DISTRICT,44,849,55,904
JHAL MAGSI DISTRICT,45,1001,46,1047
JHAL MAGSI DISTRICT,46,784,47,831
JHAL MAGSI DISTRICT,47,1051,72,1123
JHAL MAGSI DISTRICT,48,828,40,868
JHAL MAGSI DISTRICT,49,868,69,937
JHAL MAGSI DISTRICT,50,966,49,1015
JHAL MAGSI DISTRICT,51,778,45,823
JHAL MAGSI DISTRICT,52,700,51,751
JHAL MAGSI DISTRICT,53,597,32,629
JHAL MAGSI DISTRICT,54,563,37,600
JHAL MAGSI DISTRICT,55,573,24,597
JHAL MAGSI DISTRICT,56,489,23,512
JHAL MAGSI DISTRICT,57,704,48,752
JHAL MAGSI DISTRICT,58,458,27,485
JHAL MAGSI DISTRICT,59,512,40,552
JHAL MAGSI DISTRICT,60,596,26,622
JHAL MAGSI DISTRICT,61,378,13,391
JHAL MAGSI DISTRICT,62,441,28,469
JHAL MAGSI DISTRICT,63,419,20,439
JHAL MAGSI DISTRICT,64,452,31,483
JHAL MAGSI DISTRICT,65,380,15,395
JHAL MAGSI DISTRICT,66,235,12,247
JHAL MAGSI DISTRICT,67,357,26,383
JHAL MAGSI DISTRICT,68,255,14,269
JHAL MAGSI DISTRICT,69,320,28,348
JHAL MAGSI DISTRICT,70,279,11,290
JHAL MAGSI DISTRICT,71,158,5,163
JHAL MAGSI DISTRICT,72,214,12,226
JHAL MAGSI DISTRICT,73,154,13,167
JHAL MAGSI DISTRICT,74,209,17,226
JHAL MAGSI DISTRICT,>=75,1141,52,1193
JHANG DISTRICT,<1,57099,13968,71067
JHANG DISTRICT,1,60174,15548,75722
JHANG DISTRICT,2,61191,14519,75710
JHANG DISTRICT,3,67041,16007,83048
JHANG DISTRICT,4,68910,15458,84368
JHANG DISTRICT,5,65330,15156,80486
JHANG DISTRICT,6,63460,14976,78436
JHANG DISTRICT,7,68600,15896,84496
JHANG DISTRICT,8,63865,14239,78104
JHANG DISTRICT,9,63389,16003,79392
JHANG DISTRICT,10,55221,12704,67925
JHANG DISTRICT,11,53676,15532,69208
JHANG DISTRICT,12,49129,12462,61591
JHANG DISTRICT,13,45900,14264,60164
JHANG DISTRICT,14,45013,12768,57781
JHANG DISTRICT,15,42420,12784,55204
JHANG DISTRICT,16,42647,12863,55510
JHANG DISTRICT,17,42103,13631,55734
JHANG DISTRICT,18,41298,11301,52599
JHANG DISTRICT,19,39743,12797,52540
JHANG DISTRICT,20,37571,10191,47762
JHANG DISTRICT,21,36019,12236,48255
JHANG DISTRICT,22,35590,10754,46344
JHANG DISTRICT,23,32998,11117,44115
JHANG DISTRICT,24,31594,10541,42135
JHANG DISTRICT,25,32504,8860,41364
JHANG DISTRICT,26,31339,10476,41815
JHANG DISTRICT,27,30952,10590,41542
JHANG DISTRICT,28,30085,9656,39741
JHANG DISTRICT,29,31840,10242,42082
JHANG DISTRICT,30,28163,7944,36107
JHANG DISTRICT,31,29756,10005,39761
JHANG DISTRICT,32,27237,8943,36180
JHANG DISTRICT,33,24510,8810,33320
JHANG DISTRICT,34,25732,8446,34178
JHANG DISTRICT,35,24215,6467,30682
JHANG DISTRICT,36,28266,8353,36619
JHANG DISTRICT,37,25615,7650,33265
JHANG DISTRICT,38,22211,7437,29648
JHANG DISTRICT,39,23004,7224,30228
JHANG DISTRICT,40,18446,5280,23726
JHANG DISTRICT,41,21438,6626,28064
JHANG DISTRICT,42,19258,5798,25056
JHANG DISTRICT,43,16717,5741,22458
JHANG DISTRICT,44,16902,5655,22557
JHANG DISTRICT,45,15195,4199,19394
JHANG DISTRICT,46,18670,5522,24192
JHANG DISTRICT,47,18079,4955,23034
JHANG DISTRICT,48,16953,5418,22371
JHANG DISTRICT,49,18137,5406,23543
JHANG DISTRICT,50,14937,4145,19082
JHANG DISTRICT,51,18435,5445,23880
JHANG DISTRICT,52,16294,4848,21142
JHANG DISTRICT,53,14975,4657,19632
JHANG DISTRICT,54,13341,4546,17887
JHANG DISTRICT,55,10929,3135,14064
JHANG DISTRICT,56,12595,3720,16315
JHANG DISTRICT,57,11254,3037,14291
JHANG DISTRICT,58,8804,2984,11788
JHANG DISTRICT,59,9883,3099,12982
JHANG DISTRICT,60,8584,2184,10768
JHANG DISTRICT,61,11203,3188,14391
JHANG DISTRICT,62,9992,2881,12873
JHANG DISTRICT,63,9418,2783,12201
JHANG DISTRICT,64,8610,2375,10985
JHANG DISTRICT,65,7553,1698,9251
JHANG DISTRICT,66,9213,2152,11365
JHANG DISTRICT,67,7895,1736,9631
JHANG DISTRICT,68,6946,1670,8616
JHANG DISTRICT,69,6652,1504,8156
JHANG DISTRICT,70,5715,1158,6873
JHANG DISTRICT,71,7012,1473,8485
JHANG DISTRICT,72,5661,1404,7065
JHANG DISTRICT,73,4948,1160,6108
JHANG DISTRICT,74,3651,872,4523
JHANG DISTRICT,>=75,34496,7160,41656
JHELUM DISTRICT,<1,18559,6824,25383
JHELUM DISTRICT,1,19427,7584,27011
JHELUM DISTRICT,2,19420,7360,26780
JHELUM DISTRICT,3,20675,7594,28269
JHELUM DISTRICT,4,19216,7236,26452
JHELUM DISTRICT,5,19190,7348,26538
JHELUM DISTRICT,6,19660,7513,27173
JHELUM DISTRICT,7,20338,8044,28382
JHELUM DISTRICT,8,18099,6940,25039
JHELUM DISTRICT,9,21417,8208,29625
JHELUM DISTRICT,10,16787,6470,23257
JHELUM DISTRICT,11,21347,8235,29582
JHELUM DISTRICT,12,17025,6615,23640
JHELUM DISTRICT,13,19351,7697,27048
JHELUM DISTRICT,14,17569,6943,24512
JHELUM DISTRICT,15,17614,7027,24641
JHELUM DISTRICT,16,18381,7038,25419
JHELUM DISTRICT,17,18933,7419,26352
JHELUM DISTRICT,18,14940,5825,20765
JHELUM DISTRICT,19,18648,7417,26065
JHELUM DISTRICT,20,14376,5674,20050
JHELUM DISTRICT,21,18621,7802,26423
JHELUM DISTRICT,22,15121,6164,21285
JHELUM DISTRICT,23,16285,7072,23357
JHELUM DISTRICT,24,15840,7225,23065
JHELUM DISTRICT,25,12240,5382,17622
JHELUM DISTRICT,26,14645,6913,21558
JHELUM DISTRICT,27,14558,6893,21451
JHELUM DISTRICT,28,13050,6350,19400
JHELUM DISTRICT,29,14289,6908,21197
JHELUM DISTRICT,30,11298,5244,16542
JHELUM DISTRICT,31,13624,6871,20495
JHELUM DISTRICT,32,12058,6072,18130
JHELUM DISTRICT,33,12486,6191,18677
JHELUM DISTRICT,34,12184,5698,17882
JHELUM DISTRICT,35,9484,4146,13630
JHELUM DISTRICT,36,11258,5348,16606
JHELUM DISTRICT,37,10140,4819,14959
JHELUM DISTRICT,38,11065,5320,16385
JHELUM DISTRICT,39,10526,4746,15272
JHELUM DISTRICT,40,8508,3873,12381
JHELUM DISTRICT,41,9436,4383,13819
JHELUM DISTRICT,42,8254,3951,12205
JHELUM DISTRICT,43,8457,3935,12392
JHELUM DISTRICT,44,8016,3692,11708
JHELUM DISTRICT,45,6680,2760,9440
JHELUM DISTRICT,46,7905,3465,11370
JHELUM DISTRICT,47,7061,2941,10002
JHELUM DISTRICT,48,8326,3518,11844
JHELUM DISTRICT,49,8039,3438,11477
JHELUM DISTRICT,50,6963,2840,9803
JHELUM DISTRICT,51,7902,3157,11059
JHELUM DISTRICT,52,7633,3081,10714
JHELUM DISTRICT,53,7940,3050,10990
JHELUM DISTRICT,54,7351,2848,10199
JHELUM DISTRICT,55,5645,2285,7930
JHELUM DISTRICT,56,6142,2402,8544
JHELUM DISTRICT,57,5374,2034,7408
JHELUM DISTRICT,58,5997,2311,8308
JHELUM DISTRICT,59,5915,2128,8043
JHELUM DISTRICT,60,4833,1800,6633
JHELUM DISTRICT,61,5748,2202,7950
JHELUM DISTRICT,62,5507,2044,7551
JHELUM DISTRICT,63,5761,1951,7712
JHELUM DISTRICT,64,5037,1720,6757
JHELUM DISTRICT,65,3992,1398,5390
JHELUM DISTRICT,66,3953,1296,5249
JHELUM DISTRICT,67,3788,1179,4967
JHELUM DISTRICT,68,3859,1316,5175
JHELUM DISTRICT,69,3537,1146,4683
JHELUM DISTRICT,70,3047,880,3927
JHELUM DISTRICT,71,3065,982,4047
JHELUM DISTRICT,72,3140,912,4052
JHELUM DISTRICT,73,2839,837,3676
JHELUM DISTRICT,74,2460,708,3168
JHELUM DISTRICT,>=75,20252,5659,25911
KACHHI DISTRICT,<1,7243,1073,8316
KACHHI DISTRICT,1,7900,1433,9333
KACHHI DISTRICT,2,9937,1671,11608
KACHHI DISTRICT,3,9599,1838,11437
KACHHI DISTRICT,4,10495,1661,12156
KACHHI DISTRICT,5,9354,1677,11031
KACHHI DISTRICT,6,10559,1453,12012
KACHHI DISTRICT,7,9447,1698,11145
KACHHI DISTRICT,8,10962,1561,12523
KACHHI DISTRICT,9,8541,1454,9995
KACHHI DISTRICT,10,9990,1319,11309
KACHHI DISTRICT,11,6808,1206,8014
KACHHI DISTRICT,12,7390,1183,8573
KACHHI DISTRICT,13,5595,1094,6689
KACHHI DISTRICT,14,6351,1101,7452
KACHHI DISTRICT,15,5450,1108,6558
KACHHI DISTRICT,16,5614,1021,6635
KACHHI DISTRICT,17,4328,1040,5368
KACHHI DISTRICT,18,5551,966,6517
KACHHI DISTRICT,19,4325,988,5313
KACHHI DISTRICT,20,5002,933,5935
KACHHI DISTRICT,21,3758,918,4676
KACHHI DISTRICT,22,3290,846,4136
KACHHI DISTRICT,23,3041,837,3878
KACHHI DISTRICT,24,2541,765,3306
KACHHI DISTRICT,25,3831,852,4683
KACHHI DISTRICT,26,2809,788,3597
KACHHI DISTRICT,27,3603,920,4523
KACHHI DISTRICT,28,3153,778,3931
KACHHI DISTRICT,29,3427,863,4290
KACHHI DISTRICT,30,3732,757,4489
KACHHI DISTRICT,31,3198,757,3955
KACHHI DISTRICT,32,2901,730,3631
KACHHI DISTRICT,33,2761,660,3421
KACHHI DISTRICT,34,2491,614,3105
KACHHI DISTRICT,35,2963,654,3617
KACHHI DISTRICT,36,2177,552,2729
KACHHI DISTRICT,37,3149,700,3849
KACHHI DISTRICT,38,2379,560,2939
KACHHI DISTRICT,39,2431,639,3070
KACHHI DISTRICT,40,2542,463,3005
KACHHI DISTRICT,41,1862,439,2301
KACHHI DISTRICT,42,1939,445,2384
KACHHI DISTRICT,43,1629,365,1994
KACHHI DISTRICT,44,1332,363,1695
KACHHI DISTRICT,45,1800,377,2177
KACHHI DISTRICT,46,1315,367,1682
KACHHI DISTRICT,47,1905,446,2351
KACHHI DISTRICT,48,1501,380,1881
KACHHI DISTRICT,49,1658,432,2090
KACHHI DISTRICT,50,1712,328,2040
KACHHI DISTRICT,51,1376,323,1699
KACHHI DISTRICT,52,1381,305,1686
KACHHI DISTRICT,53,1190,252,1442
KACHHI DISTRICT,54,1069,214,1283
KACHHI DISTRICT,55,1025,223,1248
KACHHI DISTRICT,56,785,219,1004
KACHHI DISTRICT,57,1312,272,1584
KACHHI DISTRICT,58,753,200,953
KACHHI DISTRICT,59,901,241,1142
KACHHI DISTRICT,60,1029,206,1235
KACHHI DISTRICT,61,915,224,1139
KACHHI DISTRICT,62,878,208,1086
KACHHI DISTRICT,63,792,183,975
KACHHI DISTRICT,64,805,160,965
KACHHI DISTRICT,65,629,150,779
KACHHI DISTRICT,66,644,151,795
KACHHI DISTRICT,67,722,180,902
KACHHI DISTRICT,68,428,94,522
KACHHI DISTRICT,69,549,110,659
KACHHI DISTRICT,70,514,98,612
KACHHI DISTRICT,71,531,83,614
KACHHI DISTRICT,72,386,98,484
KACHHI DISTRICT,73,330,71,401
KACHHI DISTRICT,74,330,70,400
KACHHI DISTRICT,>=75,2407,572,2979
KALAT DISTRICT,<1,12658,2633,15291
KALAT DISTRICT,1,12510,2697,15207
KALAT DISTRICT,2,15627,2982,18609
KALAT DISTRICT,3,13513,2990,16503
KALAT DISTRICT,4,15649,2893,18542
KALAT DISTRICT,5,13229,2755,15984
KALAT DISTRICT,6,15040,2504,17544
KALAT DISTRICT,7,12563,2624,15187
KALAT DISTRICT,8,15074,2564,17638
KALAT DISTRICT,9,12201,2460,14661
KALAT DISTRICT,10,13965,2286,16251
KALAT DISTRICT,11,9753,2026,11779
KALAT DISTRICT,12,10018,1931,11949
KALAT DISTRICT,13,8321,1859,10180
KALAT DISTRICT,14,8936,1785,10721
KALAT DISTRICT,15,7399,1699,9098
KALAT DISTRICT,16,7208,1678,8886
KALAT DISTRICT,17,5984,1481,7465
KALAT DISTRICT,18,6203,1413,7616
KALAT DISTRICT,19,4498,1193,5691
KALAT DISTRICT,20,5773,1210,6983
KALAT DISTRICT,21,4285,1136,5421
KALAT DISTRICT,22,3815,959,4774
KALAT DISTRICT,23,3569,948,4517
KALAT DISTRICT,24,3417,910,4327
KALAT DISTRICT,25,4765,1023,5788
KALAT DISTRICT,26,3375,924,4299
KALAT DISTRICT,27,3911,1078,4989
KALAT DISTRICT,28,4384,1026,5410
KALAT DISTRICT,29,4114,972,5086
KALAT DISTRICT,30,5083,1009,6092
KALAT DISTRICT,31,3876,992,4868
KALAT DISTRICT,32,3357,792,4149
KALAT DISTRICT,33,3567,785,4352
KALAT DISTRICT,34,2914,689,3603
KALAT DISTRICT,35,3514,652,4166
KALAT DISTRICT,36,2674,635,3309
KALAT DISTRICT,37,2968,692,3660
KALAT DISTRICT,38,3214,645,3859
KALAT DISTRICT,39,2788,649,3437
KALAT DISTRICT,40,3484,620,4104
KALAT DISTRICT,41,2231,549,2780
KALAT DISTRICT,42,1816,415,2231
KALAT DISTRICT,43,1950,481,2431
KALAT DISTRICT,44,1745,418,2163
KALAT DISTRICT,45,2019,439,2458
KALAT DISTRICT,46,1590,381,1971
KALAT DISTRICT,47,1685,455,2140
KALAT DISTRICT,48,1876,440,2316
KALAT DISTRICT,49,1745,438,2183
KALAT DISTRICT,50,1999,347,2346
KALAT DISTRICT,51,1385,371,1756
KALAT DISTRICT,52,1092,326,1418
KALAT DISTRICT,53,1232,294,1526
KALAT DISTRICT,54,1156,292,1448
KALAT DISTRICT,55,1170,250,1420
KALAT DISTRICT,56,931,210,1141
KALAT DISTRICT,57,908,250,1158
KALAT DISTRICT,58,839,245,1084
KALAT DISTRICT,59,832,244,1076
KALAT DISTRICT,60,1183,241,1424
KALAT DISTRICT,61,874,261,1135
KALAT DISTRICT,62,726,184,910
KALAT DISTRICT,63,769,210,979
KALAT DISTRICT,64,717,161,878
KALAT DISTRICT,65,776,136,912
KALAT DISTRICT,66,728,173,901
KALAT DISTRICT,67,582,155,737
KALAT DISTRICT,68,511,117,628
KALAT DISTRICT,69,456,137,593
KALAT DISTRICT,70,598,83,681
KALAT DISTRICT,71,532,107,639
KALAT DISTRICT,72,382,75,457
KALAT DISTRICT,73,344,65,409
KALAT DISTRICT,74,298,49,347
KALAT DISTRICT,>=75,2792,595,3387
KAMBAR SHAHDAD KOT DISTRICT,<1,23182,8905,32087
KAMBAR SHAHDAD KOT DISTRICT,1,25689,10460,36149
KAMBAR SHAHDAD KOT DISTRICT,2,34090,12652,46742
KAMBAR SHAHDAD KOT DISTRICT,3,36716,14355,51071
KAMBAR SHAHDAD KOT DISTRICT,4,39271,14594,53865
KAMBAR SHAHDAD KOT DISTRICT,5,38041,14380,52421
KAMBAR SHAHDAD KOT DISTRICT,6,37665,13852,51517
KAMBAR SHAHDAD KOT DISTRICT,7,32470,13381,45851
KAMBAR SHAHDAD KOT DISTRICT,8,38194,14271,52465
KAMBAR SHAHDAD KOT DISTRICT,9,28985,11705,40690
KAMBAR SHAHDAD KOT DISTRICT,10,33237,12455,45692
KAMBAR SHAHDAD KOT DISTRICT,11,21966,9337,31303
KAMBAR SHAHDAD KOT DISTRICT,12,25702,10127,35829
KAMBAR SHAHDAD KOT DISTRICT,13,19962,8939,28901
KAMBAR SHAHDAD KOT DISTRICT,14,21025,9025,30050
KAMBAR SHAHDAD KOT DISTRICT,15,20598,9472,30070
KAMBAR SHAHDAD KOT DISTRICT,16,19925,8720,28645
KAMBAR SHAHDAD KOT DISTRICT,17,17426,8851,26277
KAMBAR SHAHDAD KOT DISTRICT,18,20677,8635,29312
KAMBAR SHAHDAD KOT DISTRICT,19,16212,7580,23792
KAMBAR SHAHDAD KOT DISTRICT,20,19172,7934,27106
KAMBAR SHAHDAD KOT DISTRICT,21,13768,6588,20356
KAMBAR SHAHDAD KOT DISTRICT,22,13977,6305,20282
KAMBAR SHAHDAD KOT DISTRICT,23,12170,5859,18029
KAMBAR SHAHDAD KOT DISTRICT,24,11050,5264,16314
KAMBAR SHAHDAD KOT DISTRICT,25,14243,6185,20428
KAMBAR SHAHDAD KOT DISTRICT,26,10889,5451,16340
KAMBAR SHAHDAD KOT DISTRICT,27,12074,5798,17872
KAMBAR SHAHDAD KOT DISTRICT,28,12876,5934,18810
KAMBAR SHAHDAD KOT DISTRICT,29,12341,5952,18293
KAMBAR SHAHDAD KOT DISTRICT,30,12445,5687,18132
KAMBAR SHAHDAD KOT DISTRICT,31,11388,5212,16600
KAMBAR SHAHDAD KOT DISTRICT,32,11308,5297,16605
KAMBAR SHAHDAD KOT DISTRICT,33,10515,4819,15334
KAMBAR SHAHDAD KOT DISTRICT,34,9562,4227,13789
KAMBAR SHAHDAD KOT DISTRICT,35,10924,4698,15622
KAMBAR SHAHDAD KOT DISTRICT,36,9299,4104,13403
KAMBAR SHAHDAD KOT DISTRICT,37,10828,5038,15866
KAMBAR SHAHDAD KOT DISTRICT,38,9144,4214,13358
KAMBAR SHAHDAD KOT DISTRICT,39,9345,4296,13641
KAMBAR SHAHDAD KOT DISTRICT,40,8934,3823,12757
KAMBAR SHAHDAD KOT DISTRICT,41,7479,3277,10756
KAMBAR SHAHDAD KOT DISTRICT,42,7658,3470,11128
KAMBAR SHAHDAD KOT DISTRICT,43,6171,2857,9028
KAMBAR SHAHDAD KOT DISTRICT,44,5802,2669,8471
KAMBAR SHAHDAD KOT DISTRICT,45,6433,2761,9194
KAMBAR SHAHDAD KOT DISTRICT,46,5686,2240,7926
KAMBAR SHAHDAD KOT DISTRICT,47,6664,2979,9643
KAMBAR SHAHDAD KOT DISTRICT,48,5784,2354,8138
KAMBAR SHAHDAD KOT DISTRICT,49,5434,2524,7958
KAMBAR SHAHDAD KOT DISTRICT,50,5794,2428,8222
KAMBAR SHAHDAD KOT DISTRICT,51,4989,2181,7170
KAMBAR SHAHDAD KOT DISTRICT,52,4877,2250,7127
KAMBAR SHAHDAD KOT DISTRICT,53,4026,1817,5843
KAMBAR SHAHDAD KOT DISTRICT,54,3556,1688,5244
KAMBAR SHAHDAD KOT DISTRICT,55,4193,1855,6048
KAMBAR SHAHDAD KOT DISTRICT,56,3652,1524,5176
KAMBAR SHAHDAD KOT DISTRICT,57,4418,1931,6349
KAMBAR SHAHDAD KOT DISTRICT,58,3110,1371,4481
KAMBAR SHAHDAD KOT DISTRICT,59,3035,1330,4365
KAMBAR SHAHDAD KOT DISTRICT,60,3713,1471,5184
KAMBAR SHAHDAD KOT DISTRICT,61,3219,1351,4570
KAMBAR SHAHDAD KOT DISTRICT,62,3708,1654,5362
KAMBAR SHAHDAD KOT DISTRICT,63,2930,1258,4188
KAMBAR SHAHDAD KOT DISTRICT,64,2774,1144,3918
KAMBAR SHAHDAD KOT DISTRICT,65,2693,1128,3821
KAMBAR SHAHDAD KOT DISTRICT,66,2505,996,3501
KAMBAR SHAHDAD KOT DISTRICT,67,2594,1181,3775
KAMBAR SHAHDAD KOT DISTRICT,68,1870,788,2658
KAMBAR SHAHDAD KOT DISTRICT,69,1782,851,2633
KAMBAR SHAHDAD KOT DISTRICT,70,1832,752,2584
KAMBAR SHAHDAD KOT DISTRICT,71,1619,626,2245
KAMBAR SHAHDAD KOT DISTRICT,72,1754,721,2475
KAMBAR SHAHDAD KOT DISTRICT,73,1312,516,1828
KAMBAR SHAHDAD KOT DISTRICT,74,1163,478,1641
KAMBAR SHAHDAD KOT DISTRICT,>=75,9718,4001,13719
KARACHI CENTRAL DISTRICT,<1,0,60009,60009
KARACHI CENTRAL DISTRICT,1,0,59395,59395
KARACHI CENTRAL DISTRICT,2,0,61701,61701
KARACHI CENTRAL DISTRICT,3,0,67133,67133
KARACHI CENTRAL DISTRICT,4,0,62140,62140
KARACHI CENTRAL DISTRICT,5,0,63582,63582
KARACHI CENTRAL DISTRICT,6,0,62731,62731
KARACHI CENTRAL DISTRICT,7,0,66069,66069
KARACHI CENTRAL DISTRICT,8,0,57959,57959
KARACHI CENTRAL DISTRICT,9,0,67208,67208
KARACHI CENTRAL DISTRICT,10,0,54977,54977
KARACHI CENTRAL DISTRICT,11,0,67264,67264
KARACHI CENTRAL DISTRICT,12,0,54136,54136
KARACHI CENTRAL DISTRICT,13,0,59528,59528
KARACHI CENTRAL DISTRICT,14,0,53814,53814
KARACHI CENTRAL DISTRICT,15,0,56694,56694
KARACHI CENTRAL DISTRICT,16,0,58806,58806
KARACHI CENTRAL DISTRICT,17,0,63166,63166
KARACHI CENTRAL DISTRICT,18,0,52676,52676
KARACHI CENTRAL DISTRICT,19,0,62058,62058
KARACHI CENTRAL DISTRICT,20,0,52316,52316
KARACHI CENTRAL DISTRICT,21,0,64274,64274
KARACHI CENTRAL DISTRICT,22,0,55641,55641
KARACHI CENTRAL DISTRICT,23,0,57525,57525
KARACHI CENTRAL DISTRICT,24,0,57729,57729
KARACHI CENTRAL DISTRICT,25,0,46345,46345
KARACHI CENTRAL DISTRICT,26,0,56524,56524
KARACHI CENTRAL DISTRICT,27,0,53628,53628
KARACHI CENTRAL DISTRICT,28,0,51434,51434
KARACHI CENTRAL DISTRICT,29,0,53144,53144
KARACHI CENTRAL DISTRICT,30,0,46023,46023
KARACHI CENTRAL DISTRICT,31,0,53407,53407
KARACHI CENTRAL DISTRICT,32,0,50109,50109
KARACHI CENTRAL DISTRICT,33,0,49232,49232
KARACHI CENTRAL DISTRICT,34,0,47961,47961
KARACHI CENTRAL DISTRICT,35,0,38284,38284
KARACHI CENTRAL DISTRICT,36,0,44680,44680
KARACHI CENTRAL DISTRICT,37,0,40702,40702
KARACHI CENTRAL DISTRICT,38,0,44015,44015
KARACHI CENTRAL DISTRICT,39,0,42084,42084
KARACHI CENTRAL DISTRICT,40,0,35505,35505
KARACHI CENTRAL DISTRICT,41,0,38577,38577
KARACHI CENTRAL DISTRICT,42,0,35631,35631
KARACHI CENTRAL DISTRICT,43,0,35618,35618
KARACHI CENTRAL DISTRICT,44,0,33694,33694
KARACHI CENTRAL DISTRICT,45,0,26589,26589
KARACHI CENTRAL DISTRICT,46,0,30359,30359
KARACHI CENTRAL DISTRICT,47,0,26915,26915
KARACHI CENTRAL DISTRICT,48,0,29968,29968
KARACHI CENTRAL DISTRICT,49,0,29764,29764
KARACHI CENTRAL DISTRICT,50,0,24826,24826
KARACHI CENTRAL DISTRICT,51,0,29294,29294
KARACHI CENTRAL DISTRICT,52,0,27407,27407
KARACHI CENTRAL DISTRICT,53,0,27472,27472
KARACHI CENTRAL DISTRICT,54,0,25407,25407
KARACHI CENTRAL DISTRICT,55,0,19046,19046
KARACHI CENTRAL DISTRICT,56,0,21768,21768
KARACHI CENTRAL DISTRICT,57,0,19378,19378
KARACHI CENTRAL DISTRICT,58,0,19587,19587
KARACHI CENTRAL DISTRICT,59,0,18687,18687
KARACHI CENTRAL DISTRICT,60,0,13773,13773
KARACHI CENTRAL DISTRICT,61,0,18203,18203
KARACHI CENTRAL DISTRICT,62,0,17659,17659
KARACHI CENTRAL DISTRICT,63,0,16671,16671
KARACHI CENTRAL DISTRICT,64,0,14394,14394
KARACHI CENTRAL DISTRICT,65,0,10458,10458
KARACHI CENTRAL DISTRICT,66,0,10559,10559
KARACHI CENTRAL DISTRICT,67,0,9343,9343
KARACHI CENTRAL DISTRICT,68,0,10188,10188
KARACHI CENTRAL DISTRICT,69,0,9291,9291
KARACHI CENTRAL DISTRICT,70,0,6562,6562
KARACHI CENTRAL DISTRICT,71,0,7687,7687
KARACHI CENTRAL DISTRICT,72,0,7143,7143
KARACHI CENTRAL DISTRICT,73,0,6811,6811
KARACHI CENTRAL DISTRICT,74,0,5730,5730
KARACHI CENTRAL DISTRICT,>=75,0,35315,35315
KARACHI EAST DISTRICT,<1,0,60377,60377
KARACHI EAST DISTRICT,1,0,62334,62334
KARACHI EAST DISTRICT,2,0,64746,64746
KARACHI EAST DISTRICT,3,0,71052,71052
KARACHI EAST DISTRICT,4,0,64576,64576
KARACHI EAST DISTRICT,5,0,67611,67611
KARACHI EAST DISTRICT,6,0,64664,64664
KARACHI EAST DISTRICT,7,0,70209,70209
KARACHI EAST DISTRICT,8,0,62121,62121
KARACHI EAST DISTRICT,9,0,69412,69412
KARACHI EAST DISTRICT,10,0,57494,57494
KARACHI EAST DISTRICT,11,0,66117,66117
KARACHI EAST DISTRICT,12,0,55509,55509
KARACHI EAST DISTRICT,13,0,58720,58720
KARACHI EAST DISTRICT,14,0,52886,52886
KARACHI EAST DISTRICT,15,0,55487,55487
KARACHI EAST DISTRICT,16,0,55596,55596
KARACHI EAST DISTRICT,17,0,59771,59771
KARACHI EAST DISTRICT,18,0,53780,53780
KARACHI EAST DISTRICT,19,0,59620,59620
KARACHI EAST DISTRICT,20,0,52829,52829
KARACHI EAST DISTRICT,21,0,60767,60767
KARACHI EAST DISTRICT,22,0,54657,54657
KARACHI EAST DISTRICT,23,0,55320,55320
KARACHI EAST DISTRICT,24,0,54627,54627
KARACHI EAST DISTRICT,25,0,48550,48550
KARACHI EAST DISTRICT,26,0,53546,53546
KARACHI EAST DISTRICT,27,0,52313,52313
KARACHI EAST DISTRICT,28,0,49400,49400
KARACHI EAST DISTRICT,29,0,50356,50356
KARACHI EAST DISTRICT,30,0,46169,46169
KARACHI EAST DISTRICT,31,0,48442,48442
KARACHI EAST DISTRICT,32,0,46171,46171
KARACHI EAST DISTRICT,33,0,44979,44979
KARACHI EAST DISTRICT,34,0,42812,42812
KARACHI EAST DISTRICT,35,0,37498,37498
KARACHI EAST DISTRICT,36,0,39703,39703
KARACHI EAST DISTRICT,37,0,36910,36910
KARACHI EAST DISTRICT,38,0,39797,39797
KARACHI EAST DISTRICT,39,0,37486,37486
KARACHI EAST DISTRICT,40,0,34863,34863
KARACHI EAST DISTRICT,41,0,33595,33595
KARACHI EAST DISTRICT,42,0,31596,31596
KARACHI EAST DISTRICT,43,0,32165,32165
KARACHI EAST DISTRICT,44,0,28554,28554
KARACHI EAST DISTRICT,45,0,24541,24541
KARACHI EAST DISTRICT,46,0,25694,25694
KARACHI EAST DISTRICT,47,0,23608,23608
KARACHI EAST DISTRICT,48,0,25838,25838
KARACHI EAST DISTRICT,49,0,25726,25726
KARACHI EAST DISTRICT,50,0,24040,24040
KARACHI EAST DISTRICT,51,0,24116,24116
KARACHI EAST DISTRICT,52,0,24150,24150
KARACHI EAST DISTRICT,53,0,23697,23697
KARACHI EAST DISTRICT,54,0,21982,21982
KARACHI EAST DISTRICT,55,0,18629,18629
KARACHI EAST DISTRICT,56,0,19244,19244
KARACHI EAST DISTRICT,57,0,17083,17083
KARACHI EAST DISTRICT,58,0,18219,18219
KARACHI EAST DISTRICT,59,0,17206,17206
KARACHI EAST DISTRICT,60,0,14194,14194
KARACHI EAST DISTRICT,61,0,15948,15948
KARACHI EAST DISTRICT,62,0,16374,16374
KARACHI EAST DISTRICT,63,0,16101,16101
KARACHI EAST DISTRICT,64,0,13973,13973
KARACHI EAST DISTRICT,65,0,10767,10767
KARACHI EAST DISTRICT,66,0,10286,10286
KARACHI EAST DISTRICT,67,0,9223,9223
KARACHI EAST DISTRICT,68,0,9889,9889
KARACHI EAST DISTRICT,69,0,8982,8982
KARACHI EAST DISTRICT,70,0,6778,6778
KARACHI EAST DISTRICT,71,0,7250,7250
KARACHI EAST DISTRICT,72,0,6929,6929
KARACHI EAST DISTRICT,73,0,6625,6625
KARACHI EAST DISTRICT,74,0,5681,5681
KARACHI EAST DISTRICT,>=75,0,37355,37355
KARACHI SOUTH DISTRICT,<1,0,33464,33464
KARACHI SOUTH DISTRICT,1,0,32546,32546
KARACHI SOUTH DISTRICT,2,0,35592,35592
KARACHI SOUTH DISTRICT,3,0,38112,38112
KARACHI SOUTH DISTRICT,4,0,35158,35158
KARACHI SOUTH DISTRICT,5,0,36759,36759
KARACHI SOUTH DISTRICT,6,0,35598,35598
KARACHI SOUTH DISTRICT,7,0,38672,38672
KARACHI SOUTH DISTRICT,8,0,33524,33524
KARACHI SOUTH DISTRICT,9,0,39247,39247
KARACHI SOUTH DISTRICT,10,0,31758,31758
KARACHI SOUTH DISTRICT,11,0,39037,39037
KARACHI SOUTH DISTRICT,12,0,32243,32243
KARACHI SOUTH DISTRICT,13,0,34937,34937
KARACHI SOUTH DISTRICT,14,0,31447,31447
KARACHI SOUTH DISTRICT,15,0,33573,33573
KARACHI SOUTH DISTRICT,16,0,34036,34036
KARACHI SOUTH DISTRICT,17,0,38395,38395
KARACHI SOUTH DISTRICT,18,0,32447,32447
KARACHI SOUTH DISTRICT,19,0,37225,37225
KARACHI SOUTH DISTRICT,20,0,31281,31281
KARACHI SOUTH DISTRICT,21,0,37703,37703
KARACHI SOUTH DISTRICT,22,0,33722,33722
KARACHI SOUTH DISTRICT,23,0,33977,33977
KARACHI SOUTH DISTRICT,24,0,33788,33788
KARACHI SOUTH DISTRICT,25,0,29316,29316
KARACHI SOUTH DISTRICT,26,0,33026,33026
KARACHI SOUTH DISTRICT,27,0,32610,32610
KARACHI SOUTH DISTRICT,28,0,31231,31231
KARACHI SOUTH DISTRICT,29,0,31677,31677
KARACHI SOUTH DISTRICT,30,0,29497,29497
KARACHI SOUTH DISTRICT,31,0,30994,30994
KARACHI SOUTH DISTRICT,32,0,30069,30069
KARACHI SOUTH DISTRICT,33,0,29460,29460
KARACHI SOUTH DISTRICT,34,0,27864,27864
KARACHI SOUTH DISTRICT,35,0,24884,24884
KARACHI SOUTH DISTRICT,36,0,25909,25909
KARACHI SOUTH DISTRICT,37,0,24150,24150
KARACHI SOUTH DISTRICT,38,0,26511,26511
KARACHI SOUTH DISTRICT,39,0,24829,24829
KARACHI SOUTH DISTRICT,40,0,23671,23671
KARACHI SOUTH DISTRICT,41,0,22263,22263
KARACHI SOUTH DISTRICT,42,0,20720,20720
KARACHI SOUTH DISTRICT,43,0,21204,21204
KARACHI SOUTH DISTRICT,44,0,19174,19174
KARACHI SOUTH DISTRICT,45,0,16760,16760
KARACHI SOUTH DISTRICT,46,0,17694,17694
KARACHI SOUTH DISTRICT,47,0,16058,16058
KARACHI SOUTH DISTRICT,48,0,17995,17995
KARACHI SOUTH DISTRICT,49,0,17489,17489
KARACHI SOUTH DISTRICT,50,0,16444,16444
KARACHI SOUTH DISTRICT,51,0,16609,16609
KARACHI SOUTH DISTRICT,52,0,16353,16353
KARACHI SOUTH DISTRICT,53,0,16074,16074
KARACHI SOUTH DISTRICT,54,0,14764,14764
KARACHI SOUTH DISTRICT,55,0,12509,12509
KARACHI SOUTH DISTRICT,56,0,12020,12020
KARACHI SOUTH DISTRICT,57,0,10909,10909
KARACHI SOUTH DISTRICT,58,0,11844,11844
KARACHI SOUTH DISTRICT,59,0,11156,11156
KARACHI SOUTH DISTRICT,60,0,9569,9569
KARACHI SOUTH DISTRICT,61,0,11086,11086
KARACHI SOUTH DISTRICT,62,0,11358,11358
KARACHI SOUTH DISTRICT,63,0,11161,11161
KARACHI SOUTH DISTRICT,64,0,9275,9275
KARACHI SOUTH DISTRICT,65,0,7409,7409
KARACHI SOUTH DISTRICT,66,0,6743,6743
KARACHI SOUTH DISTRICT,67,0,5823,5823
KARACHI SOUTH DISTRICT,68,0,6861,6861
KARACHI SOUTH DISTRICT,69,0,6218,6218
KARACHI SOUTH DISTRICT,70,0,4473,4473
KARACHI SOUTH DISTRICT,71,0,4612,4612
KARACHI SOUTH DISTRICT,72,0,4325,4325
KARACHI SOUTH DISTRICT,73,0,4489,4489
KARACHI SOUTH DISTRICT,74,0,3620,3620
KARACHI SOUTH DISTRICT,>=75,0,24230,24230
KARACHI WEST DISTRICT,<1,7716,89189,96905
KARACHI WEST DISTRICT,1,7342,86364,93706
KARACHI WEST DISTRICT,2,8420,94005,102425
KARACHI WEST DISTRICT,3,9155,100850,110005
KARACHI WEST DISTRICT,4,8360,91930,100290
KARACHI WEST DISTRICT,5,8608,94578,103186
KARACHI WEST DISTRICT,6,8155,90566,98721
KARACHI WEST DISTRICT,7,9176,97392,106568
KARACHI WEST DISTRICT,8,8064,85418,93482
KARACHI WEST DISTRICT,9,8455,96845,105300
KARACHI WEST DISTRICT,10,7315,79025,86340
KARACHI WEST DISTRICT,11,7262,92123,99385
KARACHI WEST DISTRICT,12,6728,76325,83053
KARACHI WEST DISTRICT,13,6648,81737,88385
KARACHI WEST DISTRICT,14,5903,73146,79049
KARACHI WEST DISTRICT,15,6262,76245,82507
KARACHI WEST DISTRICT,16,5815,76101,81916
KARACHI WEST DISTRICT,17,5917,83044,88961
KARACHI WEST DISTRICT,18,5979,71794,77773
KARACHI WEST DISTRICT,19,6213,81158,87371
KARACHI WEST DISTRICT,20,5640,68765,74405
KARACHI WEST DISTRICT,21,5780,79519,85299
KARACHI WEST DISTRICT,22,5261,70070,75331
KARACHI WEST DISTRICT,23,4957,70791,75748
KARACHI WEST DISTRICT,24,4650,69016,73666
KARACHI WEST DISTRICT,25,4936,60960,65896
KARACHI WEST DISTRICT,26,4776,67982,72758
KARACHI WEST DISTRICT,27,4838,67395,72233
KARACHI WEST DISTRICT,28,4491,61071,65562
KARACHI WEST DISTRICT,29,4509,63902,68411
KARACHI WEST DISTRICT,30,4407,55881,60288
KARACHI WEST DISTRICT,31,4348,60302,64650
KARACHI WEST DISTRICT,32,3754,55729,59483
KARACHI WEST DISTRICT,33,3806,55703,59509
KARACHI WEST DISTRICT,34,3694,54378,58072
KARACHI WEST DISTRICT,35,3729,47147,50876
KARACHI WEST DISTRICT,36,3364,48579,51943
KARACHI WEST DISTRICT,37,3410,48114,51524
KARACHI WEST DISTRICT,38,3049,46706,49755
KARACHI WEST DISTRICT,39,3116,47267,50383
KARACHI WEST DISTRICT,40,2976,39374,42350
KARACHI WEST DISTRICT,41,2762,41331,44093
KARACHI WEST DISTRICT,42,2381,35517,37898
KARACHI WEST DISTRICT,43,2406,35926,38332
KARACHI WEST DISTRICT,44,2161,32635,34796
KARACHI WEST DISTRICT,45,2056,27942,29998
KARACHI WEST DISTRICT,46,2134,30166,32300
KARACHI WEST DISTRICT,47,2041,28604,30645
KARACHI WEST DISTRICT,48,1900,28167,30067
KARACHI WEST DISTRICT,49,1978,29149,31127
KARACHI WEST DISTRICT,50,1752,24310,26062
KARACHI WEST DISTRICT,51,1838,27968,29806
KARACHI WEST DISTRICT,52,1538,23866,25404
KARACHI WEST DISTRICT,53,1510,23808,25318
KARACHI WEST DISTRICT,54,1278,20731,22009
KARACHI WEST DISTRICT,55,1224,17131,18355
KARACHI WEST DISTRICT,56,1112,17194,18306
KARACHI WEST DISTRICT,57,1157,17852,19009
KARACHI WEST DISTRICT,58,1053,15763,16816
KARACHI WEST DISTRICT,59,1086,16299,17385
KARACHI WEST DISTRICT,60,1050,13057,14107
KARACHI WEST DISTRICT,61,1070,16436,17506
KARACHI WEST DISTRICT,62,992,14867,15859
KARACHI WEST DISTRICT,63,1059,14992,16051
KARACHI WEST DISTRICT,64,824,12209,13033
KARACHI WEST DISTRICT,65,677,9295,9972
KARACHI WEST DISTRICT,66,661,8821,9482
KARACHI WEST DISTRICT,67,551,8780,9331
KARACHI WEST DISTRICT,68,692,9270,9962
KARACHI WEST DISTRICT,69,579,8238,8817
KARACHI WEST DISTRICT,70,433,5571,6004
KARACHI WEST DISTRICT,71,441,6206,6647
KARACHI WEST DISTRICT,72,394,5331,5725
KARACHI WEST DISTRICT,73,385,5817,6202
KARACHI WEST DISTRICT,74,291,4352,4643
KARACHI WEST DISTRICT,>=75,2408,30120,32528
KARAK DISTRICT,<1,17722,1346,19068
KARAK DISTRICT,1,20037,1428,21465
KARAK DISTRICT,2,21415,1486,22901
KARAK DISTRICT,3,23005,1682,24687
KARAK DISTRICT,4,21585,1691,23276
KARAK DISTRICT,5,21705,1639,23344
KARAK DISTRICT,6,18592,1407,19999
KARAK DISTRICT,7,20230,1543,21773
KARAK DISTRICT,8,18449,1360,19809
KARAK DISTRICT,9,19740,1355,21095
KARAK DISTRICT,10,16706,1207,17913
KARAK DISTRICT,11,18259,1440,19699
KARAK DISTRICT,12,15458,1183,16641
KARAK DISTRICT,13,16670,1292,17962
KARAK DISTRICT,14,15310,1148,16458
KARAK DISTRICT,15,15512,1188,16700
KARAK DISTRICT,16,15416,1160,16576
KARAK DISTRICT,17,16132,1225,17357
KARAK DISTRICT,18,13707,1023,14730
KARAK DISTRICT,19,14429,1077,15506
KARAK DISTRICT,20,12115,984,13099
KARAK DISTRICT,21,12694,1020,13714
KARAK DISTRICT,22,11455,996,12451
KARAK DISTRICT,23,12248,950,13198
KARAK DISTRICT,24,11008,929,11937
KARAK DISTRICT,25,10757,906,11663
KARAK DISTRICT,26,10452,851,11303
KARAK DISTRICT,27,9712,802,10514
KARAK DISTRICT,28,9919,838,10757
KARAK DISTRICT,29,8561,769,9330
KARAK DISTRICT,30,8780,785,9565
KARAK DISTRICT,31,7822,706,8528
KARAK DISTRICT,32,7376,677,8053
KARAK DISTRICT,33,7374,662,8036
KARAK DISTRICT,34,6374,621,6995
KARAK DISTRICT,35,6538,595,7133
KARAK DISTRICT,36,5664,482,6146
KARAK DISTRICT,37,5373,432,5805
KARAK DISTRICT,38,6672,618,7290
KARAK DISTRICT,39,5504,487,5991
KARAK DISTRICT,40,6665,590,7255
KARAK DISTRICT,41,4916,406,5322
KARAK DISTRICT,42,4709,407,5116
KARAK DISTRICT,43,5081,428,5509
KARAK DISTRICT,44,4354,384,4738
KARAK DISTRICT,45,4992,423,5415
KARAK DISTRICT,46,3716,323,4039
KARAK DISTRICT,47,3663,284,3947
KARAK DISTRICT,48,4881,372,5253
KARAK DISTRICT,49,3933,307,4240
KARAK DISTRICT,50,4940,388,5328
KARAK DISTRICT,51,3500,309,3809
KARAK DISTRICT,52,3698,265,3963
KARAK DISTRICT,53,3735,292,4027
KARAK DISTRICT,54,3390,281,3671
KARAK DISTRICT,55,3755,352,4107
KARAK DISTRICT,56,2789,219,3008
KARAK DISTRICT,57,2538,198,2736
KARAK DISTRICT,58,3429,246,3675
KARAK DISTRICT,59,2651,200,2851
KARAK DISTRICT,60,3110,212,3322
KARAK DISTRICT,61,2400,186,2586
KARAK DISTRICT,62,2617,183,2800
KARAK DISTRICT,63,2613,169,2782
KARAK DISTRICT,64,2131,124,2255
KARAK DISTRICT,65,2142,153,2295
KARAK DISTRICT,66,1597,102,1699
KARAK DISTRICT,67,1607,95,1702
KARAK DISTRICT,68,1737,110,1847
KARAK DISTRICT,69,1404,97,1501
KARAK DISTRICT,70,1818,120,1938
KARAK DISTRICT,71,1210,75,1285
KARAK DISTRICT,72,1348,84,1432
KARAK DISTRICT,73,1159,90,1249
KARAK DISTRICT,74,997,72,1069
KARAK DISTRICT,>=75,8574,550,9124
KASHMORE DISTRICT,<1,21594,6415,28009
KASHMORE DISTRICT,1,29419,7349,36768
KASHMORE DISTRICT,2,35162,8855,44017
KASHMORE DISTRICT,3,35738,9834,45572
KASHMORE DISTRICT,4,36957,9339,46296
KASHMORE DISTRICT,5,34642,8849,43491
KASHMORE DISTRICT,6,35516,8670,44186
KASHMORE DISTRICT,7,32826,8999,41825
KASHMORE DISTRICT,8,36238,9222,45460
KASHMORE DISTRICT,9,28638,7769,36407
KASHMORE DISTRICT,10,30685,7742,38427
KASHMORE DISTRICT,11,20044,6086,26130
KASHMORE DISTRICT,12,21807,6347,28154
KASHMORE DISTRICT,13,15717,5598,21315
KASHMORE DISTRICT,14,16111,5389,21500
KASHMORE DISTRICT,15,14262,5380,19642
KASHMORE DISTRICT,16,14801,5249,20050
KASHMORE DISTRICT,17,14118,5669,19787
KASHMORE DISTRICT,18,16029,5531,21560
KASHMORE DISTRICT,19,12771,5115,17886
KASHMORE DISTRICT,20,15042,4744,19786
KASHMORE DISTRICT,21,11070,4212,15282
KASHMORE DISTRICT,22,10696,3992,14688
KASHMORE DISTRICT,23,9733,3723,13456
KASHMORE DISTRICT,24,9224,3566,12790
KASHMORE DISTRICT,25,11943,3730,15673
KASHMORE DISTRICT,26,9364,3574,12938
KASHMORE DISTRICT,27,10986,3865,14851
KASHMORE DISTRICT,28,10850,3757,14607
KASHMORE DISTRICT,29,11896,3830,15726
KASHMORE DISTRICT,30,11506,3504,15010
KASHMORE DISTRICT,31,10293,3261,13554
KASHMORE DISTRICT,32,9407,3253,12660
KASHMORE DISTRICT,33,9351,3136,12487
KASHMORE DISTRICT,34,7560,2699,10259
KASHMORE DISTRICT,35,9067,2698,11765
KASHMORE DISTRICT,36,9032,2681,11713
KASHMORE DISTRICT,37,10374,3198,13572
KASHMORE DISTRICT,38,8165,2555,10720
KASHMORE DISTRICT,39,8724,2729,11453
KASHMORE DISTRICT,40,8043,2225,10268
KASHMORE DISTRICT,41,6500,1981,8481
KASHMORE DISTRICT,42,6403,2064,8467
KASHMORE DISTRICT,43,5007,1802,6809
KASHMORE DISTRICT,44,4746,1786,6532
KASHMORE DISTRICT,45,5232,1746,6978
KASHMORE DISTRICT,46,5488,1617,7105
KASHMORE DISTRICT,47,6814,2211,9025
KASHMORE DISTRICT,48,4604,1774,6378
KASHMORE DISTRICT,49,4975,1817,6792
KASHMORE DISTRICT,50,4881,1490,6371
KASHMORE DISTRICT,51,4249,1497,5746
KASHMORE DISTRICT,52,4225,1506,5731
KASHMORE DISTRICT,53,3107,1184,4291
KASHMORE DISTRICT,54,2979,1124,4103
KASHMORE DISTRICT,55,3412,1038,4450
KASHMORE DISTRICT,56,3346,1042,4388
KASHMORE DISTRICT,57,4444,1339,5783
KASHMORE DISTRICT,58,2182,922,3104
KASHMORE DISTRICT,59,2621,902,3523
KASHMORE DISTRICT,60,2913,861,3774
KASHMORE DISTRICT,61,2501,811,3312
KASHMORE DISTRICT,62,2990,918,3908
KASHMORE DISTRICT,63,2025,743,2768
KASHMORE DISTRICT,64,1967,677,2644
KASHMORE DISTRICT,65,2030,607,2637
KASHMORE DISTRICT,66,2074,553,2627
KASHMORE DISTRICT,67,2660,701,3361
KASHMORE DISTRICT,68,1409,442,1851
KASHMORE DISTRICT,69,1513,437,1950
KASHMORE DISTRICT,70,1418,401,1819
KASHMORE DISTRICT,71,1364,371,1735
KASHMORE DISTRICT,72,1289,395,1684
KASHMORE DISTRICT,73,891,273,1164
KASHMORE DISTRICT,74,787,221,1008
KASHMORE DISTRICT,>=75,8230,2067,10297
KASUR DISTRICT,<1,63785,20074,83859
KASUR DISTRICT,1,69453,21908,91361
KASUR DISTRICT,2,71379,22187,93566
KASUR DISTRICT,3,75791,23525,99316
KASUR DISTRICT,4,74747,22205,96952
KASUR DISTRICT,5,72779,22616,95395
KASUR DISTRICT,6,71726,21812,93538
KASUR DISTRICT,7,75159,23614,98773
KASUR DISTRICT,8,72348,21308,93656
KASUR DISTRICT,9,70224,22290,92514
KASUR DISTRICT,10,68868,19930,88798
KASUR DISTRICT,11,65320,21832,87152
KASUR DISTRICT,12,63084,19474,82558
KASUR DISTRICT,13,60086,20128,80214
KASUR DISTRICT,14,58871,18563,77434
KASUR DISTRICT,15,57342,18664,76006
KASUR DISTRICT,16,57340,18880,76220
KASUR DISTRICT,17,54930,19388,74318
KASUR DISTRICT,18,53574,17849,71423
KASUR DISTRICT,19,52816,18796,71612
KASUR DISTRICT,20,54884,17818,72702
KASUR DISTRICT,21,49853,19210,69063
KASUR DISTRICT,22,50552,18494,69046
KASUR DISTRICT,23,45068,17511,62579
KASUR DISTRICT,24,42309,16741,59050
KASUR DISTRICT,25,44200,15912,60112
KASUR DISTRICT,26,39078,15745,54823
KASUR DISTRICT,27,36498,15216,51714
KASUR DISTRICT,28,39038,15464,54502
KASUR DISTRICT,29,35196,14033,49229
KASUR DISTRICT,30,41203,15050,56253
KASUR DISTRICT,31,33659,13295,46954
KASUR DISTRICT,32,34599,14197,48796
KASUR DISTRICT,33,31571,12879,44450
KASUR DISTRICT,34,28837,11672,40509
KASUR DISTRICT,35,33210,12588,45798
KASUR DISTRICT,36,26742,10618,37360
KASUR DISTRICT,37,27516,10383,37899
KASUR DISTRICT,38,28301,11354,39655
KASUR DISTRICT,39,27569,10524,38093
KASUR DISTRICT,40,28676,11339,40015
KASUR DISTRICT,41,23665,9218,32883
KASUR DISTRICT,42,22785,9389,32174
KASUR DISTRICT,43,20695,8224,28919
KASUR DISTRICT,44,18972,7605,26577
KASUR DISTRICT,45,21499,8393,29892
KASUR DISTRICT,46,16674,6513,23187
KASUR DISTRICT,47,18478,6925,25403
KASUR DISTRICT,48,18588,7179,25767
KASUR DISTRICT,49,18843,7118,25961
KASUR DISTRICT,50,20851,7760,28611
KASUR DISTRICT,51,16832,6285,23117
KASUR DISTRICT,52,17329,6703,24032
KASUR DISTRICT,53,15651,6107,21758
KASUR DISTRICT,54,14474,5671,20145
KASUR DISTRICT,55,15372,5928,21300
KASUR DISTRICT,56,11364,4337,15701
KASUR DISTRICT,57,11250,3900,15150
KASUR DISTRICT,58,11117,4060,15177
KASUR DISTRICT,59,10738,3908,14646
KASUR DISTRICT,60,12791,4530,17321
KASUR DISTRICT,61,9674,3632,13306
KASUR DISTRICT,62,9562,3626,13188
KASUR DISTRICT,63,9156,3456,12612
KASUR DISTRICT,64,8845,2993,11838
KASUR DISTRICT,65,9868,3396,13264
KASUR DISTRICT,66,5746,1980,7726
KASUR DISTRICT,67,5894,2012,7906
KASUR DISTRICT,68,6557,2157,8714
KASUR DISTRICT,69,6780,1968,8748
KASUR DISTRICT,70,8153,2628,10781
KASUR DISTRICT,71,5433,1743,7176
KASUR DISTRICT,72,5448,1887,7335
KASUR DISTRICT,73,5446,1727,7173
KASUR DISTRICT,74,5063,1506,6569
KASUR DISTRICT,>=75,36327,11230,47557
KECH DISTRICT,<1,12753,5624,18377
KECH DISTRICT,1,13751,8122,21873
KECH DISTRICT,2,16574,8425,24999
KECH DISTRICT,3,15082,8239,23321
KECH DISTRICT,4,18643,8574,27217
KECH DISTRICT,5,17884,8937,26821
KECH DISTRICT,6,19175,8987,28162
KECH DISTRICT,7,17418,9043,26461
KECH DISTRICT,8,22596,10672,33268
KECH DISTRICT,9,19540,9626,29166
KECH DISTRICT,10,26243,11796,38039
KECH DISTRICT,11,18274,9162,27436
KECH DISTRICT,12,18760,8668,27428
KECH DISTRICT,13,16944,8097,25041
KECH DISTRICT,14,18622,8665,27287
KECH DISTRICT,15,17785,8599,26384
KECH DISTRICT,16,17475,8324,25799
KECH DISTRICT,17,14386,7263,21649
KECH DISTRICT,18,16565,8121,24686
KECH DISTRICT,19,11636,6418,18054
KECH DISTRICT,20,15830,7869,23699
KECH DISTRICT,21,10180,5592,15772
KECH DISTRICT,22,8159,4510,12669
KECH DISTRICT,23,7686,4383,12069
KECH DISTRICT,24,7858,3773,11631
KECH DISTRICT,25,9238,4960,14198
KECH DISTRICT,26,7821,3716,11537
KECH DISTRICT,27,6675,3814,10489
KECH DISTRICT,28,8879,4489,13368
KECH DISTRICT,29,8075,4400,12475
KECH DISTRICT,30,10594,5027,15621
KECH DISTRICT,31,7105,3831,10936
KECH DISTRICT,32,5911,2952,8863
KECH DISTRICT,33,6653,3529,10182
KECH DISTRICT,34,5179,2673,7852
KECH DISTRICT,35,6641,3259,9900
KECH DISTRICT,36,5005,2422,7427
KECH DISTRICT,37,4912,2582,7494
KECH DISTRICT,38,7489,3762,11251
KECH DISTRICT,39,6871,3337,10208
KECH DISTRICT,40,8943,4143,13086
KECH DISTRICT,41,5081,2463,7544
KECH DISTRICT,42,3896,2074,5970
KECH DISTRICT,43,4848,2449,7297
KECH DISTRICT,44,3841,2004,5845
KECH DISTRICT,45,4352,2416,6768
KECH DISTRICT,46,3065,1621,4686
KECH DISTRICT,47,3216,1568,4784
KECH DISTRICT,48,4858,2596,7454
KECH DISTRICT,49,4613,2324,6937
KECH DISTRICT,50,5241,2651,7892
KECH DISTRICT,51,2904,1436,4340
KECH DISTRICT,52,2676,1330,4006
KECH DISTRICT,53,3017,1536,4553
KECH DISTRICT,54,3082,1406,4488
KECH DISTRICT,55,2649,1431,4080
KECH DISTRICT,56,2045,953,2998
KECH DISTRICT,57,1694,852,2546
KECH DISTRICT,58,2134,1140,3274
KECH DISTRICT,59,2189,1043,3232
KECH DISTRICT,60,2640,1431,4071
KECH DISTRICT,61,1610,844,2454
KECH DISTRICT,62,1356,710,2066
KECH DISTRICT,63,1619,878,2497
KECH DISTRICT,64,1647,857,2504
KECH DISTRICT,65,1231,730,1961
KECH DISTRICT,66,922,546,1468
KECH DISTRICT,67,923,489,1412
KECH DISTRICT,68,1160,675,1835
KECH DISTRICT,69,1174,666,1840
KECH DISTRICT,70,1151,492,1643
KECH DISTRICT,71,680,381,1061
KECH DISTRICT,72,626,336,962
KECH DISTRICT,73,793,352,1145
KECH DISTRICT,74,741,347,1088
KECH DISTRICT,>=75,5678,2608,8286
KHAIRPUR DISTRICT,<1,36985,16188,53173
KHAIRPUR DISTRICT,1,47860,20970,68830
KHAIRPUR DISTRICT,2,58229,23515,81744
KHAIRPUR DISTRICT,3,62657,26535,89192
KHAIRPUR DISTRICT,4,67126,26210,93336
KHAIRPUR DISTRICT,5,63846,27494,91340
KHAIRPUR DISTRICT,6,60982,24500,85482
KHAIRPUR DISTRICT,7,53490,24892,78382
KHAIRPUR DISTRICT,8,61787,25179,86966
KHAIRPUR DISTRICT,9,46873,21512,68385
KHAIRPUR DISTRICT,10,52726,21874,74600
KHAIRPUR DISTRICT,11,36358,17582,53940
KHAIRPUR DISTRICT,12,42075,19079,61154
KHAIRPUR DISTRICT,13,33083,16893,49976
KHAIRPUR DISTRICT,14,35793,17259,53052
KHAIRPUR DISTRICT,15,36800,18714,55514
KHAIRPUR DISTRICT,16,34813,17233,52046
KHAIRPUR DISTRICT,17,32406,17682,50088
KHAIRPUR DISTRICT,18,37696,18085,55781
KHAIRPUR DISTRICT,19,29683,16116,45799
KHAIRPUR DISTRICT,20,33648,16037,49685
KHAIRPUR DISTRICT,21,24405,13477,37882
KHAIRPUR DISTRICT,22,25839,13622,39461
KHAIRPUR DISTRICT,23,21822,12381,34203
KHAIRPUR DISTRICT,24,20800,11177,31977
KHAIRPUR DISTRICT,25,26563,13368,39931
KHAIRPUR DISTRICT,26,20689,11363,32052
KHAIRPUR DISTRICT,27,21601,11512,33113
KHAIRPUR DISTRICT,28,23050,12296,35346
KHAIRPUR DISTRICT,29,21630,11223,32853
KHAIRPUR DISTRICT,30,24026,12153,36179
KHAIRPUR DISTRICT,31,20774,10959,31733
KHAIRPUR DISTRICT,32,20105,10333,30438
KHAIRPUR DISTRICT,33,19052,9933,28985
KHAIRPUR DISTRICT,34,17196,8844,26040
KHAIRPUR DISTRICT,35,19950,9957,29907
KHAIRPUR DISTRICT,36,15059,7568,22627
KHAIRPUR DISTRICT,37,18204,8581,26785
KHAIRPUR DISTRICT,38,15843,8340,24183
KHAIRPUR DISTRICT,39,15763,7902,23665
KHAIRPUR DISTRICT,40,16182,8638,24820
KHAIRPUR DISTRICT,41,12825,6905,19730
KHAIRPUR DISTRICT,42,13560,6741,20301
KHAIRPUR DISTRICT,43,11752,6356,18108
KHAIRPUR DISTRICT,44,11451,5944,17395
KHAIRPUR DISTRICT,45,12859,6665,19524
KHAIRPUR DISTRICT,46,10222,5376,15598
KHAIRPUR DISTRICT,47,11996,5684,17680
KHAIRPUR DISTRICT,48,11146,5792,16938
KHAIRPUR DISTRICT,49,10729,5906,16635
KHAIRPUR DISTRICT,50,11320,5975,17295
KHAIRPUR DISTRICT,51,8891,4838,13729
KHAIRPUR DISTRICT,52,8577,4398,12975
KHAIRPUR DISTRICT,53,7299,4093,11392
KHAIRPUR DISTRICT,54,6620,3649,10269
KHAIRPUR DISTRICT,55,7469,4096,11565
KHAIRPUR DISTRICT,56,5248,2904,8152
KHAIRPUR DISTRICT,57,6089,3023,9112
KHAIRPUR DISTRICT,58,5367,2857,8224
KHAIRPUR DISTRICT,59,5164,2695,7859
KHAIRPUR DISTRICT,60,6425,3147,9572
KHAIRPUR DISTRICT,61,5079,2665,7744
KHAIRPUR DISTRICT,62,5805,2863,8668
KHAIRPUR DISTRICT,63,5263,2657,7920
KHAIRPUR DISTRICT,64,4790,2272,7062
KHAIRPUR DISTRICT,65,4945,2441,7386
KHAIRPUR DISTRICT,66,3601,1852,5453
KHAIRPUR DISTRICT,67,4339,1839,6178
KHAIRPUR DISTRICT,68,3709,1794,5503
KHAIRPUR DISTRICT,69,3247,1470,4717
KHAIRPUR DISTRICT,70,3484,1506,4990
KHAIRPUR DISTRICT,71,2749,1220,3969
KHAIRPUR DISTRICT,72,2759,1267,4026
KHAIRPUR DISTRICT,73,2427,1192,3619
KHAIRPUR DISTRICT,74,1867,850,2717
KHAIRPUR DISTRICT,>=75,15642,6898,22540
KHANEWAL DISTRICT,<1,53557,12743,66300
KHANEWAL DISTRICT,1,61258,14182,75440
KHANEWAL DISTRICT,2,63292,14168,77460
KHANEWAL DISTRICT,3,69248,15390,84638
KHANEWAL DISTRICT,4,69838,14836,84674
KHANEWAL DISTRICT,5,68042,14949,82991
KHANEWAL DISTRICT,6,65503,14527,80030
KHANEWAL DISTRICT,7,70730,15888,86618
KHANEWAL DISTRICT,8,67461,14133,81594
KHANEWAL DISTRICT,9,66185,15656,81841
KHANEWAL DISTRICT,10,61234,13155,74389
KHANEWAL DISTRICT,11,58083,14965,73048
KHANEWAL DISTRICT,12,53747,12526,66273
KHANEWAL DISTRICT,13,50554,13096,63650
KHANEWAL DISTRICT,14,48906,12261,61167
KHANEWAL DISTRICT,15,48549,12446,60995
KHANEWAL DISTRICT,16,47555,12193,59748
KHANEWAL DISTRICT,17,46645,13038,59683
KHANEWAL DISTRICT,18,47066,11337,58403
KHANEWAL DISTRICT,19,45043,12735,57778
KHANEWAL DISTRICT,20,44759,11010,55769
KHANEWAL DISTRICT,21,41410,12218,53628
KHANEWAL DISTRICT,22,42472,11272,53744
KHANEWAL DISTRICT,23,38839,11285,50124
KHANEWAL DISTRICT,24,36116,11022,47138
KHANEWAL DISTRICT,25,38928,9767,48695
KHANEWAL DISTRICT,26,34876,10244,45120
KHANEWAL DISTRICT,27,34361,10300,44661
KHANEWAL DISTRICT,28,34873,9794,44667
KHANEWAL DISTRICT,29,35498,9788,45286
KHANEWAL DISTRICT,30,35181,8776,43957
KHANEWAL DISTRICT,31,32662,9166,41828
KHANEWAL DISTRICT,32,30199,8537,38736
KHANEWAL DISTRICT,33,28202,8069,36271
KHANEWAL DISTRICT,34,27934,7755,35689
KHANEWAL DISTRICT,35,30096,7380,37476
KHANEWAL DISTRICT,36,29570,7689,37259
KHANEWAL DISTRICT,37,29145,7210,36355
KHANEWAL DISTRICT,38,27032,7569,34601
KHANEWAL DISTRICT,39,28879,7129,36008
KHANEWAL DISTRICT,40,24521,6285,30806
KHANEWAL DISTRICT,41,24898,6504,31402
KHANEWAL DISTRICT,42,22239,6115,28354
KHANEWAL DISTRICT,43,19464,5689,25153
KHANEWAL DISTRICT,44,18286,5279,23565
KHANEWAL DISTRICT,45,18414,5033,23447
KHANEWAL DISTRICT,46,17166,4873,22039
KHANEWAL DISTRICT,47,18905,4962,23867
KHANEWAL DISTRICT,48,17235,4972,22207
KHANEWAL DISTRICT,49,18524,5060,23584
KHANEWAL DISTRICT,50,17594,4541,22135
KHANEWAL DISTRICT,51,18376,4920,23296
KHANEWAL DISTRICT,52,17858,4676,22534
KHANEWAL DISTRICT,53,15669,4486,20155
KHANEWAL DISTRICT,54,14482,4079,18561
KHANEWAL DISTRICT,55,13603,3574,17177
KHANEWAL DISTRICT,56,12680,3268,15948
KHANEWAL DISTRICT,57,12658,3101,15759
KHANEWAL DISTRICT,58,10368,2904,13272
KHANEWAL DISTRICT,59,11333,2892,14225
KHANEWAL DISTRICT,60,10881,2633,13514
KHANEWAL DISTRICT,61,11217,2701,13918
KHANEWAL DISTRICT,62,10839,2717,13556
KHANEWAL DISTRICT,63,9787,2491,12278
KHANEWAL DISTRICT,64,9374,2278,11652
KHANEWAL DISTRICT,65,8479,1877,10356
KHANEWAL DISTRICT,66,7640,1610,9250
KHANEWAL DISTRICT,67,7419,1526,8945
KHANEWAL DISTRICT,68,6241,1463,7704
KHANEWAL DISTRICT,69,6661,1408,8069
KHANEWAL DISTRICT,70,6103,1247,7350
KHANEWAL DISTRICT,71,5913,1306,7219
KHANEWAL DISTRICT,72,4837,1162,5999
KHANEWAL DISTRICT,73,4600,1040,5640
KHANEWAL DISTRICT,74,4346,872,5218
KHANEWAL DISTRICT,>=75,31663,6684,38347
KHARAN DISTRICT,<1,3825,1347,5172
KHARAN DISTRICT,1,3998,1393,5391
KHARAN DISTRICT,2,5171,1658,6829
KHARAN DISTRICT,3,4271,1743,6014
KHARAN DISTRICT,4,4896,1793,6689
KHARAN DISTRICT,5,4204,1720,5924
KHARAN DISTRICT,6,4356,1530,5886
KHARAN DISTRICT,7,4028,1772,5800
KHARAN DISTRICT,8,4436,1668,6104
KHARAN DISTRICT,9,3719,1739,5458
KHARAN DISTRICT,10,3871,1836,5707
KHARAN DISTRICT,11,2694,1421,4115
KHARAN DISTRICT,12,2951,1483,4434
KHARAN DISTRICT,13,2258,1311,3569
KHARAN DISTRICT,14,2554,1394,3948
KHARAN DISTRICT,15,2144,1316,3460
KHARAN DISTRICT,16,2153,1238,3391
KHARAN DISTRICT,17,1879,1209,3088
KHARAN DISTRICT,18,2508,1142,3650
KHARAN DISTRICT,19,2032,1013,3045
KHARAN DISTRICT,20,2290,1173,3463
KHARAN DISTRICT,21,1709,914,2623
KHARAN DISTRICT,22,1495,821,2316
KHARAN DISTRICT,23,1340,661,2001
KHARAN DISTRICT,24,1263,645,1908
KHARAN DISTRICT,25,1962,975,2937
KHARAN DISTRICT,26,1310,697,2007
KHARAN DISTRICT,27,1564,685,2249
KHARAN DISTRICT,28,1584,738,2322
KHARAN DISTRICT,29,1398,692,2090
KHARAN DISTRICT,30,1767,892,2659
KHARAN DISTRICT,31,1409,628,2037
KHARAN DISTRICT,32,1127,554,1681
KHARAN DISTRICT,33,1121,517,1638
KHARAN DISTRICT,34,947,451,1398
KHARAN DISTRICT,35,1297,697,1994
KHARAN DISTRICT,36,883,419,1302
KHARAN DISTRICT,37,1167,461,1628
KHARAN DISTRICT,38,1024,560,1584
KHARAN DISTRICT,39,932,500,1432
KHARAN DISTRICT,40,1144,699,1843
KHARAN DISTRICT,41,783,459,1242
KHARAN DISTRICT,42,699,360,1059
KHARAN DISTRICT,43,676,353,1029
KHARAN DISTRICT,44,616,326,942
KHARAN DISTRICT,45,728,396,1124
KHARAN DISTRICT,46,551,291,842
KHARAN DISTRICT,47,672,281,953
KHARAN DISTRICT,48,600,333,933
KHARAN DISTRICT,49,544,336,880
KHARAN DISTRICT,50,689,344,1033
KHARAN DISTRICT,51,508,241,749
KHARAN DISTRICT,52,448,210,658
KHARAN DISTRICT,53,441,221,662
KHARAN DISTRICT,54,421,193,614
KHARAN DISTRICT,55,478,266,744
KHARAN DISTRICT,56,367,172,539
KHARAN DISTRICT,57,396,163,559
KHARAN DISTRICT,58,293,190,483
KHARAN DISTRICT,59,375,196,571
KHARAN DISTRICT,60,400,199,599
KHARAN DISTRICT,61,319,172,491
KHARAN DISTRICT,62,264,109,373
KHARAN DISTRICT,63,297,139,436
KHARAN DISTRICT,64,268,129,397
KHARAN DISTRICT,65,307,131,438
KHARAN DISTRICT,66,217,89,306
KHARAN DISTRICT,67,238,86,324
KHARAN DISTRICT,68,195,95,290
KHARAN DISTRICT,69,225,82,307
KHARAN DISTRICT,70,221,75,296
KHARAN DISTRICT,71,181,58,239
KHARAN DISTRICT,72,111,65,176
KHARAN DISTRICT,73,151,49,200
KHARAN DISTRICT,74,143,57,200
KHARAN DISTRICT,>=75,875,417,1292
KHUSHAB DISTRICT,<1,19260,7484,26744
KHUSHAB DISTRICT,1,21528,8033,29561
KHUSHAB DISTRICT,2,22158,8197,30355
KHUSHAB DISTRICT,3,23788,8693,32481
KHUSHAB DISTRICT,4,23899,8163,32062
KHUSHAB DISTRICT,5,23009,8144,31153
KHUSHAB DISTRICT,6,22097,7994,30091
KHUSHAB DISTRICT,7,23787,8713,32500
KHUSHAB DISTRICT,8,22120,7738,29858
KHUSHAB DISTRICT,9,23982,8832,32814
KHUSHAB DISTRICT,10,20270,7381,27651
KHUSHAB DISTRICT,11,21754,8544,30298
KHUSHAB DISTRICT,12,19287,7090,26377
KHUSHAB DISTRICT,13,20338,7909,28247
KHUSHAB DISTRICT,14,18799,7157,25956
KHUSHAB DISTRICT,15,19538,7439,26977
KHUSHAB DISTRICT,16,19283,7353,26636
KHUSHAB DISTRICT,17,20642,8125,28767
KHUSHAB DISTRICT,18,15985,6404,22389
KHUSHAB DISTRICT,19,18154,7651,25805
KHUSHAB DISTRICT,20,15252,6167,21419
KHUSHAB DISTRICT,21,18052,7574,25626
KHUSHAB DISTRICT,22,15969,6235,22204
KHUSHAB DISTRICT,23,16897,6735,23632
KHUSHAB DISTRICT,24,15619,6481,22100
KHUSHAB DISTRICT,25,13459,5357,18816
KHUSHAB DISTRICT,26,14949,6007,20956
KHUSHAB DISTRICT,27,15106,6217,21323
KHUSHAB DISTRICT,28,14225,5766,19991
KHUSHAB DISTRICT,29,15707,6199,21906
KHUSHAB DISTRICT,30,12057,5056,17113
KHUSHAB DISTRICT,31,13543,5638,19181
KHUSHAB DISTRICT,32,12135,4998,17133
KHUSHAB DISTRICT,33,12680,5129,17809
KHUSHAB DISTRICT,34,13013,4965,17978
KHUSHAB DISTRICT,35,10376,4339,14715
KHUSHAB DISTRICT,36,12020,4613,16633
KHUSHAB DISTRICT,37,11540,4345,15885
KHUSHAB DISTRICT,38,10987,4515,15502
KHUSHAB DISTRICT,39,11305,4369,15674
KHUSHAB DISTRICT,40,8328,3775,12103
KHUSHAB DISTRICT,41,10123,3764,13887
KHUSHAB DISTRICT,42,8831,3402,12233
KHUSHAB DISTRICT,43,8914,3622,12536
KHUSHAB DISTRICT,44,8970,3332,12302
KHUSHAB DISTRICT,45,6901,2967,9868
KHUSHAB DISTRICT,46,8772,3151,11923
KHUSHAB DISTRICT,47,8235,3133,11368
KHUSHAB DISTRICT,48,8691,3347,12038
KHUSHAB DISTRICT,49,8912,3385,12297
KHUSHAB DISTRICT,50,7040,3071,10111
KHUSHAB DISTRICT,51,9279,3354,12633
KHUSHAB DISTRICT,52,8713,3218,11931
KHUSHAB DISTRICT,53,8181,3240,11421
KHUSHAB DISTRICT,54,7711,2982,10693
KHUSHAB DISTRICT,55,5432,2197,7629
KHUSHAB DISTRICT,56,6124,2327,8451
KHUSHAB DISTRICT,57,5707,2101,7808
KHUSHAB DISTRICT,58,5491,2052,7543
KHUSHAB DISTRICT,59,5471,1958,7429
KHUSHAB DISTRICT,60,4135,1658,5793
KHUSHAB DISTRICT,61,5531,1999,7530
KHUSHAB DISTRICT,62,5144,1944,7088
KHUSHAB DISTRICT,63,5215,1884,7099
KHUSHAB DISTRICT,64,5077,1557,6634
KHUSHAB DISTRICT,65,3701,1279,4980
KHUSHAB DISTRICT,66,3903,1144,5047
KHUSHAB DISTRICT,67,4106,1296,5402
KHUSHAB DISTRICT,68,3958,1330,5288
KHUSHAB DISTRICT,69,3580,1035,4615
KHUSHAB DISTRICT,70,2819,865,3684
KHUSHAB DISTRICT,71,3087,943,4030
KHUSHAB DISTRICT,72,3292,992,4284
KHUSHAB DISTRICT,73,2669,922,3591
KHUSHAB DISTRICT,74,2422,609,3031
KHUSHAB DISTRICT,>=75,18378,5376,23754
KHUZDAR DISTRICT,<1,20319,8902,29221
KHUZDAR DISTRICT,1,18620,9036,27656
KHUZDAR DISTRICT,2,24064,11841,35905
KHUZDAR DISTRICT,3,20080,9828,29908
KHUZDAR DISTRICT,4,23526,11558,35084
KHUZDAR DISTRICT,5,19400,9512,28912
KHUZDAR DISTRICT,6,22784,11155,33939
KHUZDAR DISTRICT,7,18149,9452,27601
KHUZDAR DISTRICT,8,22511,11077,33588
KHUZDAR DISTRICT,9,17015,8967,25982
KHUZDAR DISTRICT,10,20416,10836,31252
KHUZDAR DISTRICT,11,13059,7472,20531
KHUZDAR DISTRICT,12,14828,8620,23448
KHUZDAR DISTRICT,13,10220,6488,16708
KHUZDAR DISTRICT,14,12150,7446,19596
KHUZDAR DISTRICT,15,9908,6302,16210
KHUZDAR DISTRICT,16,9390,6046,15436
KHUZDAR DISTRICT,17,6981,4995,11976
KHUZDAR DISTRICT,18,11108,6065,17173
KHUZDAR DISTRICT,19,7368,4789,12157
KHUZDAR DISTRICT,20,11267,5712,16979
KHUZDAR DISTRICT,21,7090,4445,11535
KHUZDAR DISTRICT,22,6461,4062,10523
KHUZDAR DISTRICT,23,5554,3509,9063
KHUZDAR DISTRICT,24,4801,3202,8003
KHUZDAR DISTRICT,25,9549,4776,14325
KHUZDAR DISTRICT,26,5488,3121,8609
KHUZDAR DISTRICT,27,6077,3467,9544
KHUZDAR DISTRICT,28,6837,3814,10651
KHUZDAR DISTRICT,29,6102,3493,9595
KHUZDAR DISTRICT,30,8988,4257,13245
KHUZDAR DISTRICT,31,6007,3327,9334
KHUZDAR DISTRICT,32,4920,2709,7629
KHUZDAR DISTRICT,33,5277,3011,8288
KHUZDAR DISTRICT,34,3873,2207,6080
KHUZDAR DISTRICT,35,6422,3298,9720
KHUZDAR DISTRICT,36,3476,1996,5472
KHUZDAR DISTRICT,37,4804,2404,7208
KHUZDAR DISTRICT,38,4835,2714,7549
KHUZDAR DISTRICT,39,4349,2370,6719
KHUZDAR DISTRICT,40,6570,3071,9641
KHUZDAR DISTRICT,41,3799,1897,5696
KHUZDAR DISTRICT,42,2924,1617,4541
KHUZDAR DISTRICT,43,3472,1714,5186
KHUZDAR DISTRICT,44,2891,1493,4384
KHUZDAR DISTRICT,45,4205,1954,6159
KHUZDAR DISTRICT,46,2450,1207,3657
KHUZDAR DISTRICT,47,2674,1391,4065
KHUZDAR DISTRICT,48,2912,1450,4362
KHUZDAR DISTRICT,49,2849,1546,4395
KHUZDAR DISTRICT,50,4042,1787,5829
KHUZDAR DISTRICT,51,2202,1190,3392
KHUZDAR DISTRICT,52,1877,910,2787
KHUZDAR DISTRICT,53,2070,969,3039
KHUZDAR DISTRICT,54,1962,977,2939
KHUZDAR DISTRICT,55,2255,1140,3395
KHUZDAR DISTRICT,56,1368,763,2131
KHUZDAR DISTRICT,57,1666,842,2508
KHUZDAR DISTRICT,58,1517,689,2206
KHUZDAR DISTRICT,59,1625,710,2335
KHUZDAR DISTRICT,60,2554,1049,3603
KHUZDAR DISTRICT,61,1553,752,2305
KHUZDAR DISTRICT,62,1204,601,1805
KHUZDAR DISTRICT,63,1487,672,2159
KHUZDAR DISTRICT,64,1588,646,2234
KHUZDAR DISTRICT,65,1435,632,2067
KHUZDAR DISTRICT,66,1008,463,1471
KHUZDAR DISTRICT,67,1036,522,1558
KHUZDAR DISTRICT,68,938,426,1364
KHUZDAR DISTRICT,69,1115,433,1548
KHUZDAR DISTRICT,70,1314,492,1806
KHUZDAR DISTRICT,71,836,356,1192
KHUZDAR DISTRICT,72,683,347,1030
KHUZDAR DISTRICT,73,734,264,998
KHUZDAR DISTRICT,74,803,289,1092
KHUZDAR DISTRICT,>=75,5443,2220,7663
KHYBER AGENCY,<1,25306,2397,27703
KHYBER AGENCY,1,32611,3228,35839
KHYBER AGENCY,2,34978,3369,38347
KHYBER AGENCY,3,35979,3604,39583
KHYBER AGENCY,4,35969,3822,39791
KHYBER AGENCY,5,34334,3581,37915
KHYBER AGENCY,6,33865,3331,37196
KHYBER AGENCY,7,32724,3400,36124
KHYBER AGENCY,8,33580,3209,36789
KHYBER AGENCY,9,29658,3138,32796
KHYBER AGENCY,10,29328,2906,32234
KHYBER AGENCY,11,24834,2683,27517
KHYBER AGENCY,12,24465,2519,26984
KHYBER AGENCY,13,23531,2555,26086
KHYBER AGENCY,14,21703,2380,24083
KHYBER AGENCY,15,21414,2521,23935
KHYBER AGENCY,16,18683,2173,20856
KHYBER AGENCY,17,17263,2150,19413
KHYBER AGENCY,18,17648,2020,19668
KHYBER AGENCY,19,15649,1911,17560
KHYBER AGENCY,20,16922,1901,18823
KHYBER AGENCY,21,15612,1772,17384
KHYBER AGENCY,22,14117,1587,15704
KHYBER AGENCY,23,15754,1733,17487
KHYBER AGENCY,24,13037,1421,14458
KHYBER AGENCY,25,14687,1663,16350
KHYBER AGENCY,26,12249,1417,13666
KHYBER AGENCY,27,13679,1604,15283
KHYBER AGENCY,28,12012,1534,13546
KHYBER AGENCY,29,11973,1386,13359
KHYBER AGENCY,30,11434,1451,12885
KHYBER AGENCY,31,9809,1107,10916
KHYBER AGENCY,32,9776,1161,10937
KHYBER AGENCY,33,10228,1272,11500
KHYBER AGENCY,34,7932,963,8895
KHYBER AGENCY,35,8369,1135,9504
KHYBER AGENCY,36,6133,704,6837
KHYBER AGENCY,37,7682,955,8637
KHYBER AGENCY,38,7340,1005,8345
KHYBER AGENCY,39,7075,953,8028
KHYBER AGENCY,40,7793,1000,8793
KHYBER AGENCY,41,5644,744,6388
KHYBER AGENCY,42,5512,720,6232
KHYBER AGENCY,43,5460,716,6176
KHYBER AGENCY,44,4660,617,5277
KHYBER AGENCY,45,5290,669,5959
KHYBER AGENCY,46,3556,398,3954
KHYBER AGENCY,47,4676,582,5258
KHYBER AGENCY,48,4121,548,4669
KHYBER AGENCY,49,4008,538,4546
KHYBER AGENCY,50,5003,686,5689
KHYBER AGENCY,51,3451,434,3885
KHYBER AGENCY,52,3831,464,4295
KHYBER AGENCY,53,3590,404,3994
KHYBER AGENCY,54,3250,369,3619
KHYBER AGENCY,55,4074,470,4544
KHYBER AGENCY,56,2652,264,2916
KHYBER AGENCY,57,3708,479,4187
KHYBER AGENCY,58,2894,327,3221
KHYBER AGENCY,59,2746,336,3082
KHYBER AGENCY,60,3336,334,3670
KHYBER AGENCY,61,2220,221,2441
KHYBER AGENCY,62,2464,220,2684
KHYBER AGENCY,63,2242,267,2509
KHYBER AGENCY,64,1901,224,2125
KHYBER AGENCY,65,2025,255,2280
KHYBER AGENCY,66,1262,111,1373
KHYBER AGENCY,67,1593,150,1743
KHYBER AGENCY,68,1329,111,1440
KHYBER AGENCY,69,1287,119,1406
KHYBER AGENCY,70,1357,133,1490
KHYBER AGENCY,71,900,83,983
KHYBER AGENCY,72,1036,93,1129
KHYBER AGENCY,73,875,71,946
KHYBER AGENCY,74,767,83,850
KHYBER AGENCY,>=75,6934,596,7530
KILLA ABDULLAH DISTRICT,<1,18552,4195,22747
KILLA ABDULLAH DISTRICT,1,25732,5363,31095
KILLA ABDULLAH DISTRICT,2,25917,5706,31623
KILLA ABDULLAH DISTRICT,3,25040,5866,30906
KILLA ABDULLAH DISTRICT,4,24430,5455,29885
KILLA ABDULLAH DISTRICT,5,23392,5662,29054
KILLA ABDULLAH DISTRICT,6,23234,5298,28532
KILLA ABDULLAH DISTRICT,7,23210,5578,28788
KILLA ABDULLAH DISTRICT,8,21074,4987,26061
KILLA ABDULLAH DISTRICT,9,21979,5523,27502
KILLA ABDULLAH DISTRICT,10,19034,4615,23649
KILLA ABDULLAH DISTRICT,11,19444,5153,24597
KILLA ABDULLAH DISTRICT,12,16101,4038,20139
KILLA ABDULLAH DISTRICT,13,16901,4640,21541
KILLA ABDULLAH DISTRICT,14,15387,3922,19309
KILLA ABDULLAH DISTRICT,15,14788,3985,18773
KILLA ABDULLAH DISTRICT,16,13401,3598,16999
KILLA ABDULLAH DISTRICT,17,12648,3454,16102
KILLA ABDULLAH DISTRICT,18,13145,3480,16625
KILLA ABDULLAH DISTRICT,19,12979,3390,16369
KILLA ABDULLAH DISTRICT,20,11540,2979,14519
KILLA ABDULLAH DISTRICT,21,10998,2918,13916
KILLA ABDULLAH DISTRICT,22,8946,2332,11278
KILLA ABDULLAH DISTRICT,23,8999,2466,11465
KILLA ABDULLAH DISTRICT,24,8474,1963,10437
KILLA ABDULLAH DISTRICT,25,9068,2182,11250
KILLA ABDULLAH DISTRICT,26,7864,1875,9739
KILLA ABDULLAH DISTRICT,27,9058,2161,11219
KILLA ABDULLAH DISTRICT,28,7606,1861,9467
KILLA ABDULLAH DISTRICT,29,8818,2041,10859
KILLA ABDULLAH DISTRICT,30,7151,1706,8857
KILLA ABDULLAH DISTRICT,31,7889,1842,9731
KILLA ABDULLAH DISTRICT,32,6468,1549,8017
KILLA ABDULLAH DISTRICT,33,6634,1688,8322
KILLA ABDULLAH DISTRICT,34,5414,1299,6713
KILLA ABDULLAH DISTRICT,35,5115,1371,6486
KILLA ABDULLAH DISTRICT,36,4633,1178,5811
KILLA ABDULLAH DISTRICT,37,6795,1661,8456
KILLA ABDULLAH DISTRICT,38,4599,1186,5785
KILLA ABDULLAH DISTRICT,39,5047,1296,6343
KILLA ABDULLAH DISTRICT,40,3814,1030,4844
KILLA ABDULLAH DISTRICT,41,3799,1047,4846
KILLA ABDULLAH DISTRICT,42,3258,864,4122
KILLA ABDULLAH DISTRICT,43,2832,855,3687
KILLA ABDULLAH DISTRICT,44,2561,658,3219
KILLA ABDULLAH DISTRICT,45,2574,664,3238
KILLA ABDULLAH DISTRICT,46,2321,594,2915
KILLA ABDULLAH DISTRICT,47,3601,899,4500
KILLA ABDULLAH DISTRICT,48,2385,591,2976
KILLA ABDULLAH DISTRICT,49,2885,715,3600
KILLA ABDULLAH DISTRICT,50,2484,690,3174
KILLA ABDULLAH DISTRICT,51,2923,749,3672
KILLA ABDULLAH DISTRICT,52,2482,628,3110
KILLA ABDULLAH DISTRICT,53,2271,559,2830
KILLA ABDULLAH DISTRICT,54,1999,504,2503
KILLA ABDULLAH DISTRICT,55,1631,406,2037
KILLA ABDULLAH DISTRICT,56,1535,351,1886
KILLA ABDULLAH DISTRICT,57,2099,561,2660
KILLA ABDULLAH DISTRICT,58,1400,357,1757
KILLA ABDULLAH DISTRICT,59,1597,375,1972
KILLA ABDULLAH DISTRICT,60,1254,348,1602
KILLA ABDULLAH DISTRICT,61,1465,329,1794
KILLA ABDULLAH DISTRICT,62,1439,352,1791
KILLA ABDULLAH DISTRICT,63,1482,288,1770
KILLA ABDULLAH DISTRICT,64,1450,275,1725
KILLA ABDULLAH DISTRICT,65,930,208,1138
KILLA ABDULLAH DISTRICT,66,1006,216,1222
KILLA ABDULLAH DISTRICT,67,1398,330,1728
KILLA ABDULLAH DISTRICT,68,1119,258,1377
KILLA ABDULLAH DISTRICT,69,1072,238,1310
KILLA ABDULLAH DISTRICT,70,648,178,826
KILLA ABDULLAH DISTRICT,71,850,182,1032
KILLA ABDULLAH DISTRICT,72,805,205,1010
KILLA ABDULLAH DISTRICT,73,802,200,1002
KILLA ABDULLAH DISTRICT,74,624,146,770
KILLA ABDULLAH DISTRICT,>=75,4725,1018,5743
KILLA SAIFULLAH DISTRICT,<1,9192,1876,11068
KILLA SAIFULLAH DISTRICT,1,11453,2354,13807
KILLA SAIFULLAH DISTRICT,2,12574,2427,15001
KILLA SAIFULLAH DISTRICT,3,12402,2544,14946
KILLA SAIFULLAH DISTRICT,4,12251,2449,14700
KILLA SAIFULLAH DISTRICT,5,11517,2381,13898
KILLA SAIFULLAH DISTRICT,6,11588,2284,13872
KILLA SAIFULLAH DISTRICT,7,11082,2290,13372
KILLA SAIFULLAH DISTRICT,8,10739,2137,12876
KILLA SAIFULLAH DISTRICT,9,10161,2116,12277
KILLA SAIFULLAH DISTRICT,10,9232,1747,10979
KILLA SAIFULLAH DISTRICT,11,7968,1779,9747
KILLA SAIFULLAH DISTRICT,12,7237,1542,8779
KILLA SAIFULLAH DISTRICT,13,6980,1579,8559
KILLA SAIFULLAH DISTRICT,14,6119,1396,7515
KILLA SAIFULLAH DISTRICT,15,5863,1358,7221
KILLA SAIFULLAH DISTRICT,16,5092,1287,6379
KILLA SAIFULLAH DISTRICT,17,4670,1197,5867
KILLA SAIFULLAH DISTRICT,18,5511,1372,6883
KILLA SAIFULLAH DISTRICT,19,4918,1282,6200
KILLA SAIFULLAH DISTRICT,20,5012,1180,6192
KILLA SAIFULLAH DISTRICT,21,4153,1185,5338
KILLA SAIFULLAH DISTRICT,22,3488,992,4480
KILLA SAIFULLAH DISTRICT,23,3507,1025,4532
KILLA SAIFULLAH DISTRICT,24,3016,863,3879
KILLA SAIFULLAH DISTRICT,25,4367,1078,5445
KILLA SAIFULLAH DISTRICT,26,3778,1023,4801
KILLA SAIFULLAH DISTRICT,27,3821,922,4743
KILLA SAIFULLAH DISTRICT,28,3563,933,4496
KILLA SAIFULLAH DISTRICT,29,3876,967,4843
KILLA SAIFULLAH DISTRICT,30,3641,902,4543
KILLA SAIFULLAH DISTRICT,31,3638,809,4447
KILLA SAIFULLAH DISTRICT,32,2782,679,3461
KILLA SAIFULLAH DISTRICT,33,2822,690,3512
KILLA SAIFULLAH DISTRICT,34,2361,617,2978
KILLA SAIFULLAH DISTRICT,35,2544,629,3173
KILLA SAIFULLAH DISTRICT,36,2317,588,2905
KILLA SAIFULLAH DISTRICT,37,2858,610,3468
KILLA SAIFULLAH DISTRICT,38,2075,577,2652
KILLA SAIFULLAH DISTRICT,39,2261,571,2832
KILLA SAIFULLAH DISTRICT,40,2365,593,2958
KILLA SAIFULLAH DISTRICT,41,1839,467,2306
KILLA SAIFULLAH DISTRICT,42,1534,374,1908
KILLA SAIFULLAH DISTRICT,43,1452,391,1843
KILLA SAIFULLAH DISTRICT,44,1273,345,1618
KILLA SAIFULLAH DISTRICT,45,1450,404,1854
KILLA SAIFULLAH DISTRICT,46,1393,338,1731
KILLA SAIFULLAH DISTRICT,47,1586,345,1931
KILLA SAIFULLAH DISTRICT,48,1122,324,1446
KILLA SAIFULLAH DISTRICT,49,1358,330,1688
KILLA SAIFULLAH DISTRICT,50,1363,336,1699
KILLA SAIFULLAH DISTRICT,51,1239,301,1540
KILLA SAIFULLAH DISTRICT,52,1009,261,1270
KILLA SAIFULLAH DISTRICT,53,997,276,1273
KILLA SAIFULLAH DISTRICT,54,904,208,1112
KILLA SAIFULLAH DISTRICT,55,883,277,1160
KILLA SAIFULLAH DISTRICT,56,858,236,1094
KILLA SAIFULLAH DISTRICT,57,997,196,1193
KILLA SAIFULLAH DISTRICT,58,810,212,1022
KILLA SAIFULLAH DISTRICT,59,859,218,1077
KILLA SAIFULLAH DISTRICT,60,950,238,1188
KILLA SAIFULLAH DISTRICT,61,817,187,1004
KILLA SAIFULLAH DISTRICT,62,651,154,805
KILLA SAIFULLAH DISTRICT,63,747,171,918
KILLA SAIFULLAH DISTRICT,64,834,186,1020
KILLA SAIFULLAH DISTRICT,65,601,136,737
KILLA SAIFULLAH DISTRICT,66,660,136,796
KILLA SAIFULLAH DISTRICT,67,683,138,821
KILLA SAIFULLAH DISTRICT,68,532,115,647
KILLA SAIFULLAH DISTRICT,69,711,113,824
KILLA SAIFULLAH DISTRICT,70,456,99,555
KILLA SAIFULLAH DISTRICT,71,455,111,566
KILLA SAIFULLAH DISTRICT,72,315,77,392
KILLA SAIFULLAH DISTRICT,73,398,96,494
KILLA SAIFULLAH DISTRICT,74,389,70,459
KILLA SAIFULLAH DISTRICT,>=75,2720,597,3317
KOHAT DISTRICT,<1,18390,6174,24564
KOHAT DISTRICT,1,21253,6951,28204
KOHAT DISTRICT,2,22125,6927,29052
KOHAT DISTRICT,3,23079,7530,30609
KOHAT DISTRICT,4,21857,6967,28824
KOHAT DISTRICT,5,23163,7002,30165
KOHAT DISTRICT,6,20776,6654,27430
KOHAT DISTRICT,7,22293,6971,29264
KOHAT DISTRICT,8,20903,6428,27331
KOHAT DISTRICT,9,21260,6811,28071
KOHAT DISTRICT,10,18851,5927,24778
KOHAT DISTRICT,11,19529,6586,26115
KOHAT DISTRICT,12,17362,5799,23161
KOHAT DISTRICT,13,18423,6298,24721
KOHAT DISTRICT,14,16810,5732,22542
KOHAT DISTRICT,15,17234,5772,23006
KOHAT DISTRICT,16,16549,5755,22304
KOHAT DISTRICT,17,16985,6156,23141
KOHAT DISTRICT,18,14683,5573,20256
KOHAT DISTRICT,19,14940,6457,21397
KOHAT DISTRICT,20,13312,5730,19042
KOHAT DISTRICT,21,13679,6473,20152
KOHAT DISTRICT,22,11964,5390,17354
KOHAT DISTRICT,23,12848,5747,18595
KOHAT DISTRICT,24,11476,4891,16367
KOHAT DISTRICT,25,11913,4629,16542
KOHAT DISTRICT,26,11111,4581,15692
KOHAT DISTRICT,27,11488,4804,16292
KOHAT DISTRICT,28,10730,4469,15199
KOHAT DISTRICT,29,10386,4266,14652
KOHAT DISTRICT,30,10377,4471,14848
KOHAT DISTRICT,31,9245,4102,13347
KOHAT DISTRICT,32,8498,3913,12411
KOHAT DISTRICT,33,8325,3861,12186
KOHAT DISTRICT,34,7396,3299,10695
KOHAT DISTRICT,35,7897,3431,11328
KOHAT DISTRICT,36,6587,3008,9595
KOHAT DISTRICT,37,6629,2908,9537
KOHAT DISTRICT,38,7298,3510,10808
KOHAT DISTRICT,39,6631,3046,9677
KOHAT DISTRICT,40,7312,3391,10703
KOHAT DISTRICT,41,5871,2658,8529
KOHAT DISTRICT,42,5246,2492,7738
KOHAT DISTRICT,43,5784,2571,8355
KOHAT DISTRICT,44,4901,2177,7078
KOHAT DISTRICT,45,5362,2334,7696
KOHAT DISTRICT,46,4470,1858,6328
KOHAT DISTRICT,47,4490,1809,6299
KOHAT DISTRICT,48,5023,2164,7187
KOHAT DISTRICT,49,4615,1892,6507
KOHAT DISTRICT,50,5439,2301,7740
KOHAT DISTRICT,51,4208,1662,5870
KOHAT DISTRICT,52,4068,1797,5865
KOHAT DISTRICT,53,4222,1715,5937
KOHAT DISTRICT,54,3879,1593,5472
KOHAT DISTRICT,55,4225,1625,5850
KOHAT DISTRICT,56,3204,1229,4433
KOHAT DISTRICT,57,3199,1245,4444
KOHAT DISTRICT,58,3494,1328,4822
KOHAT DISTRICT,59,3208,1165,4373
KOHAT DISTRICT,60,3639,1408,5047
KOHAT DISTRICT,61,3033,1146,4179
KOHAT DISTRICT,62,2964,1074,4038
KOHAT DISTRICT,63,3069,1158,4227
KOHAT DISTRICT,64,2653,1007,3660
KOHAT DISTRICT,65,2573,927,3500
KOHAT DISTRICT,66,2024,686,2710
KOHAT DISTRICT,67,2074,691,2765
KOHAT DISTRICT,68,2106,783,2889
KOHAT DISTRICT,69,1877,648,2525
KOHAT DISTRICT,70,1940,646,2586
KOHAT DISTRICT,71,1603,543,2146
KOHAT DISTRICT,72,1655,472,2127
KOHAT DISTRICT,73,1502,480,1982
KOHAT DISTRICT,74,1275,436,1711
KOHAT DISTRICT,>=75,12039,3816,15855
KOHISTAN DISTRICT,<1,16146,0,16146
KOHISTAN DISTRICT,1,18921,0,18921
KOHISTAN DISTRICT,2,30814,0,30814
KOHISTAN DISTRICT,3,26656,0,26656
KOHISTAN DISTRICT,4,31965,0,31965
KOHISTAN DISTRICT,5,27451,0,27451
KOHISTAN DISTRICT,6,33482,0,33482
KOHISTAN DISTRICT,7,23955,0,23955
KOHISTAN DISTRICT,8,36027,0,36027
KOHISTAN DISTRICT,9,23096,0,23096
KOHISTAN DISTRICT,10,35252,0,35252
KOHISTAN DISTRICT,11,17510,0,17510
KOHISTAN DISTRICT,12,29517,0,29517
KOHISTAN DISTRICT,13,18148,0,18148
KOHISTAN DISTRICT,14,20655,0,20655
KOHISTAN DISTRICT,15,19768,0,19768
KOHISTAN DISTRICT,16,15554,0,15554
KOHISTAN DISTRICT,17,12968,0,12968
KOHISTAN DISTRICT,18,21884,0,21884
KOHISTAN DISTRICT,19,8019,0,8019
KOHISTAN DISTRICT,20,23848,0,23848
KOHISTAN DISTRICT,21,5404,0,5404
KOHISTAN DISTRICT,22,10083,0,10083
KOHISTAN DISTRICT,23,6690,0,6690
KOHISTAN DISTRICT,24,6264,0,6264
KOHISTAN DISTRICT,25,22920,0,22920
KOHISTAN DISTRICT,26,6054,0,6054
KOHISTAN DISTRICT,27,5954,0,5954
KOHISTAN DISTRICT,28,12142,0,12142
KOHISTAN DISTRICT,29,3579,0,3579
KOHISTAN DISTRICT,30,26879,0,26879
KOHISTAN DISTRICT,31,2712,0,2712
KOHISTAN DISTRICT,32,5730,0,5730
KOHISTAN DISTRICT,33,4743,0,4743
KOHISTAN DISTRICT,34,2820,0,2820
KOHISTAN DISTRICT,35,20266,0,20266
KOHISTAN DISTRICT,36,3182,0,3182
KOHISTAN DISTRICT,37,3096,0,3096
KOHISTAN DISTRICT,38,6825,0,6825
KOHISTAN DISTRICT,39,2607,0,2607
KOHISTAN DISTRICT,40,24409,0,24409
KOHISTAN DISTRICT,41,2043,0,2043
KOHISTAN DISTRICT,42,2439,0,2439
KOHISTAN DISTRICT,43,2333,0,2333
KOHISTAN DISTRICT,44,2237,0,2237
KOHISTAN DISTRICT,45,14255,0,14255
KOHISTAN DISTRICT,46,1435,0,1435
KOHISTAN DISTRICT,47,1952,0,1952
KOHISTAN DISTRICT,48,4337,0,4337
KOHISTAN DISTRICT,49,1498,0,1498
KOHISTAN DISTRICT,50,18278,0,18278
KOHISTAN DISTRICT,51,1292,0,1292
KOHISTAN DISTRICT,52,1490,0,1490
KOHISTAN DISTRICT,53,1307,0,1307
KOHISTAN DISTRICT,54,842,0,842
KOHISTAN DISTRICT,55,9079,0,9079
KOHISTAN DISTRICT,56,960,0,960
KOHISTAN DISTRICT,57,879,0,879
KOHISTAN DISTRICT,58,1472,0,1472
KOHISTAN DISTRICT,59,573,0,573
KOHISTAN DISTRICT,60,13934,0,13934
KOHISTAN DISTRICT,61,728,0,728
KOHISTAN DISTRICT,62,657,0,657
KOHISTAN DISTRICT,63,579,0,579
KOHISTAN DISTRICT,64,307,0,307
KOHISTAN DISTRICT,65,4039,0,4039
KOHISTAN DISTRICT,66,736,0,736
KOHISTAN DISTRICT,67,574,0,574
KOHISTAN DISTRICT,68,752,0,752
KOHISTAN DISTRICT,69,270,0,270
KOHISTAN DISTRICT,70,5775,0,5775
KOHISTAN DISTRICT,71,1203,0,1203
KOHISTAN DISTRICT,72,944,0,944
KOHISTAN DISTRICT,73,609,0,609
KOHISTAN DISTRICT,74,333,0,333
KOHISTAN DISTRICT,>=75,10575,0,10575
KORANGI DISTRICT,<1,0,54328,54328
KORANGI DISTRICT,1,0,56121,56121
KORANGI DISTRICT,2,0,58338,58338
KORANGI DISTRICT,3,0,62826,62826
KORANGI DISTRICT,4,0,56852,56852
KORANGI DISTRICT,5,0,58538,58538
KORANGI DISTRICT,6,0,57056,57056
KORANGI DISTRICT,7,0,60789,60789
KORANGI DISTRICT,8,0,53199,53199
KORANGI DISTRICT,9,0,60917,60917
KORANGI DISTRICT,10,0,49417,49417
KORANGI DISTRICT,11,0,60155,60155
KORANGI DISTRICT,12,0,49227,49227
KORANGI DISTRICT,13,0,52919,52919
KORANGI DISTRICT,14,0,47970,47970
KORANGI DISTRICT,15,0,49841,49841
KORANGI DISTRICT,16,0,50878,50878
KORANGI DISTRICT,17,0,55402,55402
KORANGI DISTRICT,18,0,47371,47371
KORANGI DISTRICT,19,0,55464,55464
KORANGI DISTRICT,20,0,47312,47312
KORANGI DISTRICT,21,0,56900,56900
KORANGI DISTRICT,22,0,51304,51304
KORANGI DISTRICT,23,0,51765,51765
KORANGI DISTRICT,24,0,52206,52206
KORANGI DISTRICT,25,0,43512,43512
KORANGI DISTRICT,26,0,51341,51341
KORANGI DISTRICT,27,0,49232,49232
KORANGI DISTRICT,28,0,47409,47409
KORANGI DISTRICT,29,0,47902,47902
KORANGI DISTRICT,30,0,43720,43720
KORANGI DISTRICT,31,0,46634,46634
KORANGI DISTRICT,32,0,44736,44736
KORANGI DISTRICT,33,0,43728,43728
KORANGI DISTRICT,34,0,41583,41583
KORANGI DISTRICT,35,0,34732,34732
KORANGI DISTRICT,36,0,38438,38438
KORANGI DISTRICT,37,0,34933,34933
KORANGI DISTRICT,38,0,38736,38736
KORANGI DISTRICT,39,0,36152,36152
KORANGI DISTRICT,40,0,31885,31885
KORANGI DISTRICT,41,0,31696,31696
KORANGI DISTRICT,42,0,29211,29211
KORANGI DISTRICT,43,0,29333,29333
KORANGI DISTRICT,44,0,26820,26820
KORANGI DISTRICT,45,0,22318,22318
KORANGI DISTRICT,46,0,23615,23615
KORANGI DISTRICT,47,0,21711,21711
KORANGI DISTRICT,48,0,23618,23618
KORANGI DISTRICT,49,0,23483,23483
KORANGI DISTRICT,50,0,20593,20593
KORANGI DISTRICT,51,0,22175,22175
KORANGI DISTRICT,52,0,20955,20955
KORANGI DISTRICT,53,0,20389,20389
KORANGI DISTRICT,54,0,18773,18773
KORANGI DISTRICT,55,0,15070,15070
KORANGI DISTRICT,56,0,15392,15392
KORANGI DISTRICT,57,0,14253,14253
KORANGI DISTRICT,58,0,13924,13924
KORANGI DISTRICT,59,0,13382,13382
KORANGI DISTRICT,60,0,11087,11087
KORANGI DISTRICT,61,0,13090,13090
KORANGI DISTRICT,62,0,12372,12372
KORANGI DISTRICT,63,0,11948,11948
KORANGI DISTRICT,64,0,9832,9832
KORANGI DISTRICT,65,0,7594,7594
KORANGI DISTRICT,66,0,7164,7164
KORANGI DISTRICT,67,0,6503,6503
KORANGI DISTRICT,68,0,6963,6963
KORANGI DISTRICT,69,0,6309,6309
KORANGI DISTRICT,70,0,4511,4511
KORANGI DISTRICT,71,0,4946,4946
KORANGI DISTRICT,72,0,4565,4565
KORANGI DISTRICT,73,0,4692,4692
KORANGI DISTRICT,74,0,3630,3630
KORANGI DISTRICT,>=75,0,23871,23871
KURRAM AGENCY,<1,16845,1098,17943
KURRAM AGENCY,1,18218,1124,19342
KURRAM AGENCY,2,21258,1399,22657
KURRAM AGENCY,3,21487,1437,22924
KURRAM AGENCY,4,22524,1424,23948
KURRAM AGENCY,5,20470,1321,21791
KURRAM AGENCY,6,20406,1270,21676
KURRAM AGENCY,7,19192,1227,20419
KURRAM AGENCY,8,19814,1135,20949
KURRAM AGENCY,9,18239,1171,19410
KURRAM AGENCY,10,17889,1042,18931
KURRAM AGENCY,11,14458,1025,15483
KURRAM AGENCY,12,15030,972,16002
KURRAM AGENCY,13,13326,973,14299
KURRAM AGENCY,14,13276,919,14195
KURRAM AGENCY,15,12818,937,13755
KURRAM AGENCY,16,11247,837,12084
KURRAM AGENCY,17,10089,779,10868
KURRAM AGENCY,18,10871,754,11625
KURRAM AGENCY,19,10439,757,11196
KURRAM AGENCY,20,10364,758,11122
KURRAM AGENCY,21,9613,731,10344
KURRAM AGENCY,22,9212,590,9802
KURRAM AGENCY,23,9763,696,10459
KURRAM AGENCY,24,9479,653,10132
KURRAM AGENCY,25,10804,740,11544
KURRAM AGENCY,26,9444,597,10041
KURRAM AGENCY,27,9595,700,10295
KURRAM AGENCY,28,8629,590,9219
KURRAM AGENCY,29,8453,595,9048
KURRAM AGENCY,30,8239,475,8714
KURRAM AGENCY,31,7370,480,7850
KURRAM AGENCY,32,6624,406,7030
KURRAM AGENCY,33,6644,442,7086
KURRAM AGENCY,34,5430,346,5776
KURRAM AGENCY,35,6245,386,6631
KURRAM AGENCY,36,4579,274,4853
KURRAM AGENCY,37,5495,408,5903
KURRAM AGENCY,38,5097,345,5442
KURRAM AGENCY,39,5154,359,5513
KURRAM AGENCY,40,5924,378,6302
KURRAM AGENCY,41,4453,305,4758
KURRAM AGENCY,42,4093,257,4350
KURRAM AGENCY,43,3966,265,4231
KURRAM AGENCY,44,3316,213,3529
KURRAM AGENCY,45,3928,274,4202
KURRAM AGENCY,46,3048,148,3196
KURRAM AGENCY,47,3657,255,3912
KURRAM AGENCY,48,2870,187,3057
KURRAM AGENCY,49,3155,207,3362
KURRAM AGENCY,50,3800,250,4050
KURRAM AGENCY,51,3197,188,3385
KURRAM AGENCY,52,2974,234,3208
KURRAM AGENCY,53,2664,194,2858
KURRAM AGENCY,54,2403,145,2548
KURRAM AGENCY,55,2847,193,3040
KURRAM AGENCY,56,2338,111,2449
KURRAM AGENCY,57,3172,241,3413
KURRAM AGENCY,58,1976,123,2099
KURRAM AGENCY,59,2095,132,2227
KURRAM AGENCY,60,2751,140,2891
KURRAM AGENCY,61,2156,104,2260
KURRAM AGENCY,62,2288,128,2416
KURRAM AGENCY,63,1923,127,2050
KURRAM AGENCY,64,1653,88,1741
KURRAM AGENCY,65,1564,87,1651
KURRAM AGENCY,66,1384,61,1445
KURRAM AGENCY,67,1857,152,2009
KURRAM AGENCY,68,1088,59,1147
KURRAM AGENCY,69,1026,79,1105
KURRAM AGENCY,70,1052,62,1114
KURRAM AGENCY,71,884,49,933
KURRAM AGENCY,72,913,68,981
KURRAM AGENCY,73,719,41,760
KURRAM AGENCY,74,624,37,661
KURRAM AGENCY,>=75,5440,291,5731
LAHORE DISTRICT,<1,0,248704,248704
LAHORE DISTRICT,1,0,256991,256991
LAHORE DISTRICT,2,0,258944,258944
LAHORE DISTRICT,3,0,281467,281467
LAHORE DISTRICT,4,0,258098,258098
LAHORE DISTRICT,5,0,263138,263138
LAHORE DISTRICT,6,0,256704,256704
LAHORE DISTRICT,7,0,274905,274905
LAHORE DISTRICT,8,0,244349,244349
LAHORE DISTRICT,9,0,266659,266659
LAHORE DISTRICT,10,0,231261,231261
LAHORE DISTRICT,11,0,259176,259176
LAHORE DISTRICT,12,0,223618,223618
LAHORE DISTRICT,13,0,233695,233695
LAHORE DISTRICT,14,0,214199,214199
LAHORE DISTRICT,15,0,217788,217788
LAHORE DISTRICT,16,0,222216,222216
LAHORE DISTRICT,17,0,230149,230149
LAHORE DISTRICT,18,0,216377,216377
LAHORE DISTRICT,19,0,235226,235226
LAHORE DISTRICT,20,0,215794,215794
LAHORE DISTRICT,21,0,246984,246984
LAHORE DISTRICT,22,0,233849,233849
LAHORE DISTRICT,23,0,230500,230500
LAHORE DISTRICT,24,0,226914,226914
LAHORE DISTRICT,25,0,198559,198559
LAHORE DISTRICT,26,0,218414,218414
LAHORE DISTRICT,27,0,203192,203192
LAHORE DISTRICT,28,0,206223,206223
LAHORE DISTRICT,29,0,186651,186651
LAHORE DISTRICT,30,0,193957,193957
LAHORE DISTRICT,31,0,175719,175719
LAHORE DISTRICT,32,0,182409,182409
LAHORE DISTRICT,33,0,169845,169845
LAHORE DISTRICT,34,0,154288,154288
LAHORE DISTRICT,35,0,158037,158037
LAHORE DISTRICT,36,0,147837,147837
LAHORE DISTRICT,37,0,125768,125768
LAHORE DISTRICT,38,0,158944,158944
LAHORE DISTRICT,39,0,134626,134626
LAHORE DISTRICT,40,0,150226,150226
LAHORE DISTRICT,41,0,120595,120595
LAHORE DISTRICT,42,0,118852,118852
LAHORE DISTRICT,43,0,116580,116580
LAHORE DISTRICT,44,0,102507,102507
LAHORE DISTRICT,45,0,110996,110996
LAHORE DISTRICT,46,0,88980,88980
LAHORE DISTRICT,47,0,79746,79746
LAHORE DISTRICT,48,0,98283,98283
LAHORE DISTRICT,49,0,91515,91515
LAHORE DISTRICT,50,0,104125,104125
LAHORE DISTRICT,51,0,81750,81750
LAHORE DISTRICT,52,0,85634,85634
LAHORE DISTRICT,53,0,82020,82020
LAHORE DISTRICT,54,0,76085,76085
LAHORE DISTRICT,55,0,77209,77209
LAHORE DISTRICT,56,0,62758,62758
LAHORE DISTRICT,57,0,50138,50138
LAHORE DISTRICT,58,0,58890,58890
LAHORE DISTRICT,59,0,52959,52959
LAHORE DISTRICT,60,0,58450,58450
LAHORE DISTRICT,61,0,47390,47390
LAHORE DISTRICT,62,0,49595,49595
LAHORE DISTRICT,63,0,49221,49221
LAHORE DISTRICT,64,0,42182,42182
LAHORE DISTRICT,65,0,42521,42521
LAHORE DISTRICT,66,0,30064,30064
LAHORE DISTRICT,67,0,25089,25089
LAHORE DISTRICT,68,0,29655,29655
LAHORE DISTRICT,69,0,27178,27178
LAHORE DISTRICT,70,0,28937,28937
LAHORE DISTRICT,71,0,21999,21999
LAHORE DISTRICT,72,0,22962,22962
LAHORE DISTRICT,73,0,21457,21457
LAHORE DISTRICT,74,0,18655,18655
LAHORE DISTRICT,>=75,0,132608,132608
LAKKI MARWAT DISTRICT,<1,22538,2358,24896
LAKKI MARWAT DISTRICT,1,25864,2309,28173
LAKKI MARWAT DISTRICT,2,29288,2636,31924
LAKKI MARWAT DISTRICT,3,30622,2876,33498
LAKKI MARWAT DISTRICT,4,32321,2901,35222
LAKKI MARWAT DISTRICT,5,27110,2690,29800
LAKKI MARWAT DISTRICT,6,26078,2573,28651
LAKKI MARWAT DISTRICT,7,26997,2759,29756
LAKKI MARWAT DISTRICT,8,26336,2434,28770
LAKKI MARWAT DISTRICT,9,24637,2508,27145
LAKKI MARWAT DISTRICT,10,22365,2240,24605
LAKKI MARWAT DISTRICT,11,20146,2343,22489
LAKKI MARWAT DISTRICT,12,18590,2020,20610
LAKKI MARWAT DISTRICT,13,18468,2138,20606
LAKKI MARWAT DISTRICT,14,18519,2105,20624
LAKKI MARWAT DISTRICT,15,18061,2130,20191
LAKKI MARWAT DISTRICT,16,17415,2084,19499
LAKKI MARWAT DISTRICT,17,17379,2158,19537
LAKKI MARWAT DISTRICT,18,14953,1830,16783
LAKKI MARWAT DISTRICT,19,14419,1892,16311
LAKKI MARWAT DISTRICT,20,15409,1883,17292
LAKKI MARWAT DISTRICT,21,12790,1692,14482
LAKKI MARWAT DISTRICT,22,12721,1575,14296
LAKKI MARWAT DISTRICT,23,12289,1613,13902
LAKKI MARWAT DISTRICT,24,11287,1537,12824
LAKKI MARWAT DISTRICT,25,13072,1557,14629
LAKKI MARWAT DISTRICT,26,11889,1576,13465
LAKKI MARWAT DISTRICT,27,11028,1493,12521
LAKKI MARWAT DISTRICT,28,11183,1468,12651
LAKKI MARWAT DISTRICT,29,10393,1336,11729
LAKKI MARWAT DISTRICT,30,11062,1311,12373
LAKKI MARWAT DISTRICT,31,8959,1210,10169
LAKKI MARWAT DISTRICT,32,7919,1141,9060
LAKKI MARWAT DISTRICT,33,7918,1082,9000
LAKKI MARWAT DISTRICT,34,6958,928,7886
LAKKI MARWAT DISTRICT,35,7616,967,8583
LAKKI MARWAT DISTRICT,36,6581,894,7475
LAKKI MARWAT DISTRICT,37,5915,822,6737
LAKKI MARWAT DISTRICT,38,6453,890,7343
LAKKI MARWAT DISTRICT,39,6012,791,6803
LAKKI MARWAT DISTRICT,40,7742,857,8599
LAKKI MARWAT DISTRICT,41,5985,751,6736
LAKKI MARWAT DISTRICT,42,5542,753,6295
LAKKI MARWAT DISTRICT,43,5521,739,6260
LAKKI MARWAT DISTRICT,44,5043,704,5747
LAKKI MARWAT DISTRICT,45,5691,700,6391
LAKKI MARWAT DISTRICT,46,4866,619,5485
LAKKI MARWAT DISTRICT,47,4633,564,5197
LAKKI MARWAT DISTRICT,48,5055,676,5731
LAKKI MARWAT DISTRICT,49,4725,567,5292
LAKKI MARWAT DISTRICT,50,5899,739,6638
LAKKI MARWAT DISTRICT,51,4230,564,4794
LAKKI MARWAT DISTRICT,52,4020,558,4578
LAKKI MARWAT DISTRICT,53,4199,550,4749
LAKKI MARWAT DISTRICT,54,3742,503,4245
LAKKI MARWAT DISTRICT,55,4103,445,4548
LAKKI MARWAT DISTRICT,56,3288,420,3708
LAKKI MARWAT DISTRICT,57,3093,328,3421
LAKKI MARWAT DISTRICT,58,3843,464,4307
LAKKI MARWAT DISTRICT,59,3371,398,3769
LAKKI MARWAT DISTRICT,60,3860,393,4253
LAKKI MARWAT DISTRICT,61,3075,385,3460
LAKKI MARWAT DISTRICT,62,3031,378,3409
LAKKI MARWAT DISTRICT,63,3118,351,3469
LAKKI MARWAT DISTRICT,64,2836,339,3175
LAKKI MARWAT DISTRICT,65,2777,277,3054
LAKKI MARWAT DISTRICT,66,2072,234,2306
LAKKI MARWAT DISTRICT,67,1707,216,1923
LAKKI MARWAT DISTRICT,68,1977,212,2189
LAKKI MARWAT DISTRICT,69,1890,205,2095
LAKKI MARWAT DISTRICT,70,1816,157,1973
LAKKI MARWAT DISTRICT,71,1446,165,1611
LAKKI MARWAT DISTRICT,72,1171,138,1309
LAKKI MARWAT DISTRICT,73,1251,128,1379
LAKKI MARWAT DISTRICT,74,1197,138,1335
LAKKI MARWAT DISTRICT,>=75,9117,887,10004
LARKANA DISTRICT,<1,18176,15698,33874
LARKANA DISTRICT,1,20597,16332,36929
LARKANA DISTRICT,2,26549,19283,45832
LARKANA DISTRICT,3,29262,22094,51356
LARKANA DISTRICT,4,31292,22117,53409
LARKANA DISTRICT,5,30775,23010,53785
LARKANA DISTRICT,6,29151,20423,49574
LARKANA DISTRICT,7,27135,21368,48503
LARKANA DISTRICT,8,29978,20770,50748
LARKANA DISTRICT,9,23944,18761,42705
LARKANA DISTRICT,10,26581,18805,45386
LARKANA DISTRICT,11,19555,16339,35894
LARKANA DISTRICT,12,21800,16873,38673
LARKANA DISTRICT,13,18554,15618,34172
LARKANA DISTRICT,14,19454,15864,35318
LARKANA DISTRICT,15,19875,17032,36907
LARKANA DISTRICT,16,19293,16211,35504
LARKANA DISTRICT,17,18444,17308,35752
LARKANA DISTRICT,18,19521,17219,36740
LARKANA DISTRICT,19,15773,15636,31409
LARKANA DISTRICT,20,17118,15465,32583
LARKANA DISTRICT,21,12707,13114,25821
LARKANA DISTRICT,22,12774,13448,26222
LARKANA DISTRICT,23,11133,11993,23126
LARKANA DISTRICT,24,10429,11031,21460
LARKANA DISTRICT,25,13096,12321,25417
LARKANA DISTRICT,26,10369,10561,20930
LARKANA DISTRICT,27,11311,10953,22264
LARKANA DISTRICT,28,11860,11661,23521
LARKANA DISTRICT,29,11585,10341,21926
LARKANA DISTRICT,30,11534,11492,23026
LARKANA DISTRICT,31,11034,9991,21025
LARKANA DISTRICT,32,10545,9589,20134
LARKANA DISTRICT,33,9388,9025,18413
LARKANA DISTRICT,34,8366,7757,16123
LARKANA DISTRICT,35,9276,9111,18387
LARKANA DISTRICT,36,7453,6825,14278
LARKANA DISTRICT,37,9900,7439,17339
LARKANA DISTRICT,38,8163,8040,16203
LARKANA DISTRICT,39,8956,7448,16404
LARKANA DISTRICT,40,7745,8198,15943
LARKANA DISTRICT,41,6925,6199,13124
LARKANA DISTRICT,42,7465,6281,13746
LARKANA DISTRICT,43,5971,5974,11945
LARKANA DISTRICT,44,5748,5249,10997
LARKANA DISTRICT,45,6068,6082,12150
LARKANA DISTRICT,46,5221,4339,9560
LARKANA DISTRICT,47,6387,5014,11401
LARKANA DISTRICT,48,5347,5041,10388
LARKANA DISTRICT,49,5800,5025,10825
LARKANA DISTRICT,50,5239,5386,10625
LARKANA DISTRICT,51,4802,4089,8891
LARKANA DISTRICT,52,5170,4363,9533
LARKANA DISTRICT,53,3820,3739,7559
LARKANA DISTRICT,54,3469,3482,6951
LARKANA DISTRICT,55,3796,3806,7602
LARKANA DISTRICT,56,2995,2666,5661
LARKANA DISTRICT,57,3847,2914,6761
LARKANA DISTRICT,58,2817,2692,5509
LARKANA DISTRICT,59,2826,2524,5350
LARKANA DISTRICT,60,3105,2876,5981
LARKANA DISTRICT,61,2881,2300,5181
LARKANA DISTRICT,62,3573,2673,6246
LARKANA DISTRICT,63,2522,2341,4863
LARKANA DISTRICT,64,2491,2144,4635
LARKANA DISTRICT,65,2265,2006,4271
LARKANA DISTRICT,66,2007,1572,3579
LARKANA DISTRICT,67,2452,1576,4028
LARKANA DISTRICT,68,1600,1269,2869
LARKANA DISTRICT,69,1583,1271,2854
LARKANA DISTRICT,70,1512,1336,2848
LARKANA DISTRICT,71,1423,1032,2455
LARKANA DISTRICT,72,1574,1129,2703
LARKANA DISTRICT,73,1068,933,2001
LARKANA DISTRICT,74,942,770,1712
LARKANA DISTRICT,>=75,7726,6241,13967
LASBELA DISTRICT,<1,7533,7360,14893
LASBELA DISTRICT,1,8416,8245,16661
LASBELA DISTRICT,2,10200,8965,19165
LASBELA DISTRICT,3,9481,9398,18879
LASBELA DISTRICT,4,10850,9160,20010
LASBELA DISTRICT,5,8900,8762,17662
LASBELA DISTRICT,6,10438,8665,19103
LASBELA DISTRICT,7,8384,8910,17294
LASBELA DISTRICT,8,10236,8568,18804
LASBELA DISTRICT,9,7994,8166,16160
LASBELA DISTRICT,10,8856,7956,16812
LASBELA DISTRICT,11,6586,7117,13703
LASBELA DISTRICT,12,7174,6833,14007
LASBELA DISTRICT,13,5675,6334,12009
LASBELA DISTRICT,14,6045,6019,12064
LASBELA DISTRICT,15,5506,6026,11532
LASBELA DISTRICT,16,5456,5624,11080
LASBELA DISTRICT,17,5045,5735,10780
LASBELA DISTRICT,18,5755,6135,11890
LASBELA DISTRICT,19,5496,6128,11624
LASBELA DISTRICT,20,5803,5876,11679
LASBELA DISTRICT,21,5104,5805,10909
LASBELA DISTRICT,22,4408,4887,9295
LASBELA DISTRICT,23,3889,4678,8567
LASBELA DISTRICT,24,4220,4588,8808
LASBELA DISTRICT,25,4302,4739,9041
LASBELA DISTRICT,26,4482,4615,9097
LASBELA DISTRICT,27,4561,4876,9437
LASBELA DISTRICT,28,4604,4607,9211
LASBELA DISTRICT,29,4693,4690,9383
LASBELA DISTRICT,30,4144,4370,8514
LASBELA DISTRICT,31,4449,4368,8817
LASBELA DISTRICT,32,3900,3848,7748
LASBELA DISTRICT,33,3641,3585,7226
LASBELA DISTRICT,34,3611,3338,6949
LASBELA DISTRICT,35,3046,3177,6223
LASBELA DISTRICT,36,3446,3107,6553
LASBELA DISTRICT,37,3647,3099,6746
LASBELA DISTRICT,38,3364,3035,6399
LASBELA DISTRICT,39,3301,3036,6337
LASBELA DISTRICT,40,2834,2726,5560
LASBELA DISTRICT,41,2858,2662,5520
LASBELA DISTRICT,42,2603,2197,4800
LASBELA DISTRICT,43,2516,2260,4776
LASBELA DISTRICT,44,2497,2062,4559
LASBELA DISTRICT,45,2048,1951,3999
LASBELA DISTRICT,46,2375,2138,4513
LASBELA DISTRICT,47,2288,1902,4190
LASBELA DISTRICT,48,2212,1932,4144
LASBELA DISTRICT,49,2369,1899,4268
LASBELA DISTRICT,50,1878,1781,3659
LASBELA DISTRICT,51,2242,1864,4106
LASBELA DISTRICT,52,1670,1370,3040
LASBELA DISTRICT,53,1765,1468,3233
LASBELA DISTRICT,54,1424,1295,2719
LASBELA DISTRICT,55,1155,1099,2254
LASBELA DISTRICT,56,1228,1138,2366
LASBELA DISTRICT,57,1172,1070,2242
LASBELA DISTRICT,58,1286,1062,2348
LASBELA DISTRICT,59,1296,1119,2415
LASBELA DISTRICT,60,1299,1046,2345
LASBELA DISTRICT,61,1447,1018,2465
LASBELA DISTRICT,62,1091,922,2013
LASBELA DISTRICT,63,1183,955,2138
LASBELA DISTRICT,64,1128,869,1997
LASBELA DISTRICT,65,940,705,1645
LASBELA DISTRICT,66,1169,736,1905
LASBELA DISTRICT,67,722,523,1245
LASBELA DISTRICT,68,936,644,1580
LASBELA DISTRICT,69,930,551,1481
LASBELA DISTRICT,70,757,429,1186
LASBELA DISTRICT,71,896,462,1358
LASBELA DISTRICT,72,456,359,815
LASBELA DISTRICT,73,597,392,989
LASBELA DISTRICT,74,526,288,814
LASBELA DISTRICT,>=75,3939,2574,6513
LAYYAH DISTRICT,<1,42160,7806,49966
LAYYAH DISTRICT,1,44250,8173,52423
LAYYAH DISTRICT,2,44666,8047,52713
LAYYAH DISTRICT,3,46542,8623,55165
LAYYAH DISTRICT,4,48481,8359,56840
LAYYAH DISTRICT,5,46346,8510,54856
LAYYAH DISTRICT,6,44796,8129,52925
LAYYAH DISTRICT,7,47643,8741,56384
LAYYAH DISTRICT,8,44629,7974,52603
LAYYAH DISTRICT,9,46240,8771,55011
LAYYAH DISTRICT,10,40700,7138,47838
LAYYAH DISTRICT,11,40880,8510,49390
LAYYAH DISTRICT,12,36375,6841,43216
LAYYAH DISTRICT,13,35178,7548,42726
LAYYAH DISTRICT,14,33808,7018,40826
LAYYAH DISTRICT,15,32711,6928,39639
LAYYAH DISTRICT,16,32031,7201,39232
LAYYAH DISTRICT,17,31559,7274,38833
LAYYAH DISTRICT,18,29465,6368,35833
LAYYAH DISTRICT,19,29630,7291,36921
LAYYAH DISTRICT,20,27442,5778,33220
LAYYAH DISTRICT,21,27679,6747,34426
LAYYAH DISTRICT,22,25073,5704,30777
LAYYAH DISTRICT,23,25382,5969,31351
LAYYAH DISTRICT,24,24152,5690,29842
LAYYAH DISTRICT,25,22119,4867,26986
LAYYAH DISTRICT,26,23912,5501,29413
LAYYAH DISTRICT,27,22875,5477,28352
LAYYAH DISTRICT,28,20664,4909,25573
LAYYAH DISTRICT,29,22997,5448,28445
LAYYAH DISTRICT,30,17896,4122,22018
LAYYAH DISTRICT,31,20445,4764,25209
LAYYAH DISTRICT,32,17556,4573,22129
LAYYAH DISTRICT,33,16246,4056,20302
LAYYAH DISTRICT,34,18828,4194,23022
LAYYAH DISTRICT,35,16029,3595,19624
LAYYAH DISTRICT,36,21092,4343,25435
LAYYAH DISTRICT,37,19029,4263,23292
LAYYAH DISTRICT,38,15112,3925,19037
LAYYAH DISTRICT,39,16307,3961,20268
LAYYAH DISTRICT,40,11042,2989,14031
LAYYAH DISTRICT,41,15387,3508,18895
LAYYAH DISTRICT,42,13191,3206,16397
LAYYAH DISTRICT,43,11269,2960,14229
LAYYAH DISTRICT,44,11719,2904,14623
LAYYAH DISTRICT,45,9232,2378,11610
LAYYAH DISTRICT,46,13080,2940,16020
LAYYAH DISTRICT,47,12546,2792,15338
LAYYAH DISTRICT,48,10975,2808,13783
LAYYAH DISTRICT,49,11667,2775,14442
LAYYAH DISTRICT,50,8757,2306,11063
LAYYAH DISTRICT,51,11985,2810,14795
LAYYAH DISTRICT,52,10482,2606,13088
LAYYAH DISTRICT,53,9460,2279,11739
LAYYAH DISTRICT,54,8603,2283,10886
LAYYAH DISTRICT,55,6138,1708,7846
LAYYAH DISTRICT,56,7574,1915,9489
LAYYAH DISTRICT,57,6493,1593,8086
LAYYAH DISTRICT,58,5741,1503,7244
LAYYAH DISTRICT,59,5962,1589,7551
LAYYAH DISTRICT,60,4744,1141,5885
LAYYAH DISTRICT,61,6459,1468,7927
LAYYAH DISTRICT,62,5461,1312,6773
LAYYAH DISTRICT,63,5248,1344,6592
LAYYAH DISTRICT,64,4836,1221,6057
LAYYAH DISTRICT,65,4080,932,5012
LAYYAH DISTRICT,66,5036,1017,6053
LAYYAH DISTRICT,67,4392,886,5278
LAYYAH DISTRICT,68,3752,817,4569
LAYYAH DISTRICT,69,3608,790,4398
LAYYAH DISTRICT,70,3096,669,3765
LAYYAH DISTRICT,71,3986,763,4749
LAYYAH DISTRICT,72,3122,665,3787
LAYYAH DISTRICT,73,2658,629,3287
LAYYAH DISTRICT,74,2454,533,2987
LAYYAH DISTRICT,>=75,19661,3999,23660
LODHRAN DISTRICT,<1,35019,6105,41124
LODHRAN DISTRICT,1,40015,7114,47129
LODHRAN DISTRICT,2,39739,6618,46357
LODHRAN DISTRICT,3,44015,7276,51291
LODHRAN DISTRICT,4,46254,7370,53624
LODHRAN DISTRICT,5,45321,7564,52885
LODHRAN DISTRICT,6,43873,7205,51078
LODHRAN DISTRICT,7,46907,7834,54741
LODHRAN DISTRICT,8,45573,7242,52815
LODHRAN DISTRICT,9,43892,7996,51888
LODHRAN DISTRICT,10,40982,6680,47662
LODHRAN DISTRICT,11,36881,7399,44280
LODHRAN DISTRICT,12,35831,6319,42150
LODHRAN DISTRICT,13,32305,6508,38813
LODHRAN DISTRICT,14,31130,6022,37152
LODHRAN DISTRICT,15,30367,5854,36221
LODHRAN DISTRICT,16,28807,5748,34555
LODHRAN DISTRICT,17,29574,6095,35669
LODHRAN DISTRICT,18,27068,4839,31907
LODHRAN DISTRICT,19,25744,5444,31188
LODHRAN DISTRICT,20,27372,4915,32287
LODHRAN DISTRICT,21,23967,5288,29255
LODHRAN DISTRICT,22,24413,4851,29264
LODHRAN DISTRICT,23,21719,4450,26169
LODHRAN DISTRICT,24,20271,4474,24745
LODHRAN DISTRICT,25,22517,4301,26818
LODHRAN DISTRICT,26,19926,4326,24252
LODHRAN DISTRICT,27,20003,4224,24227
LODHRAN DISTRICT,28,20995,4070,25065
LODHRAN DISTRICT,29,20802,4270,25072
LODHRAN DISTRICT,30,19455,3799,23254
LODHRAN DISTRICT,31,19631,4005,23636
LODHRAN DISTRICT,32,16867,3487,20354
LODHRAN DISTRICT,33,16263,3531,19794
LODHRAN DISTRICT,34,18041,3460,21501
LODHRAN DISTRICT,35,16950,3166,20116
LODHRAN DISTRICT,36,20985,3771,24756
LODHRAN DISTRICT,37,17503,3158,20661
LODHRAN DISTRICT,38,16298,3270,19568
LODHRAN DISTRICT,39,16232,3136,19368
LODHRAN DISTRICT,40,13077,2634,15711
LODHRAN DISTRICT,41,16438,3160,19598
LODHRAN DISTRICT,42,13134,2490,15624
LODHRAN DISTRICT,43,11372,2382,13754
LODHRAN DISTRICT,44,11383,2286,13669
LODHRAN DISTRICT,45,9953,2058,12011
LODHRAN DISTRICT,46,13417,2250,15667
LODHRAN DISTRICT,47,11120,2011,13131
LODHRAN DISTRICT,48,10881,2093,12974
LODHRAN DISTRICT,49,10899,2197,13096
LODHRAN DISTRICT,50,9230,1841,11071
LODHRAN DISTRICT,51,12018,2188,14206
LODHRAN DISTRICT,52,9649,1855,11504
LODHRAN DISTRICT,53,8484,1739,10223
LODHRAN DISTRICT,54,7930,1552,9482
LODHRAN DISTRICT,55,6664,1297,7961
LODHRAN DISTRICT,56,7757,1384,9141
LODHRAN DISTRICT,57,6155,1035,7190
LODHRAN DISTRICT,58,5575,1075,6650
LODHRAN DISTRICT,59,5754,1024,6778
LODHRAN DISTRICT,60,5612,993,6605
LODHRAN DISTRICT,61,6715,1171,7886
LODHRAN DISTRICT,62,5917,1039,6956
LODHRAN DISTRICT,63,5367,973,6340
LODHRAN DISTRICT,64,5098,940,6038
LODHRAN DISTRICT,65,4685,742,5427
LODHRAN DISTRICT,66,5436,829,6265
LODHRAN DISTRICT,67,4352,683,5035
LODHRAN DISTRICT,68,3662,635,4297
LODHRAN DISTRICT,69,3521,574,4095
LODHRAN DISTRICT,70,3299,543,3842
LODHRAN DISTRICT,71,3769,550,4319
LODHRAN DISTRICT,72,3082,530,3612
LODHRAN DISTRICT,73,2544,414,2958
LODHRAN DISTRICT,74,2237,415,2652
LODHRAN DISTRICT,>=75,18399,2835,21234
LORALAI DISTRICT,<1,8666,1662,10328
LORALAI DISTRICT,1,12750,1943,14693
LORALAI DISTRICT,2,13642,2024,15666
LORALAI DISTRICT,3,13448,2102,15550
LORALAI DISTRICT,4,13377,2011,15388
LORALAI DISTRICT,5,13276,2078,15354
LORALAI DISTRICT,6,12889,2001,14890
LORALAI DISTRICT,7,12593,2070,14663
LORALAI DISTRICT,8,12412,1826,14238
LORALAI DISTRICT,9,11260,2017,13277
LORALAI DISTRICT,10,10381,1646,12027
LORALAI DISTRICT,11,8921,1675,10596
LORALAI DISTRICT,12,8055,1475,9530
LORALAI DISTRICT,13,7682,1609,9291
LORALAI DISTRICT,14,6973,1369,8342
LORALAI DISTRICT,15,7250,1346,8596
LORALAI DISTRICT,16,6155,1358,7513
LORALAI DISTRICT,17,5798,1284,7082
LORALAI DISTRICT,18,6505,1491,7996
LORALAI DISTRICT,19,5985,1894,7879
LORALAI DISTRICT,20,6240,1544,7784
LORALAI DISTRICT,21,5378,1698,7076
LORALAI DISTRICT,22,4701,1425,6126
LORALAI DISTRICT,23,4662,1339,6001
LORALAI DISTRICT,24,4158,1052,5210
LORALAI DISTRICT,25,5784,1070,6854
LORALAI DISTRICT,26,4167,1050,5217
LORALAI DISTRICT,27,5297,1179,6476
LORALAI DISTRICT,28,4297,1059,5356
LORALAI DISTRICT,29,4843,1147,5990
LORALAI DISTRICT,30,4426,862,5288
LORALAI DISTRICT,31,4558,993,5551
LORALAI DISTRICT,32,3854,894,4748
LORALAI DISTRICT,33,3538,766,4304
LORALAI DISTRICT,34,2818,726,3544
LORALAI DISTRICT,35,3449,649,4098
LORALAI DISTRICT,36,2409,597,3006
LORALAI DISTRICT,37,3900,738,4638
LORALAI DISTRICT,38,2879,675,3554
LORALAI DISTRICT,39,3152,671,3823
LORALAI DISTRICT,40,2746,534,3280
LORALAI DISTRICT,41,2391,578,2969
LORALAI DISTRICT,42,2251,474,2725
LORALAI DISTRICT,43,1972,476,2448
LORALAI DISTRICT,44,1676,414,2090
LORALAI DISTRICT,45,2155,415,2570
LORALAI DISTRICT,46,1695,369,2064
LORALAI DISTRICT,47,2540,439,2979
LORALAI DISTRICT,48,1629,407,2036
LORALAI DISTRICT,49,1999,410,2409
LORALAI DISTRICT,50,1787,347,2134
LORALAI DISTRICT,51,1696,410,2106
LORALAI DISTRICT,52,1619,313,1932
LORALAI DISTRICT,53,1345,310,1655
LORALAI DISTRICT,54,1196,282,1478
LORALAI DISTRICT,55,1180,229,1409
LORALAI DISTRICT,56,1053,213,1266
LORALAI DISTRICT,57,1453,250,1703
LORALAI DISTRICT,58,1013,195,1208
LORALAI DISTRICT,59,1318,261,1579
LORALAI DISTRICT,60,1136,171,1307
LORALAI DISTRICT,61,1100,222,1322
LORALAI DISTRICT,62,981,185,1166
LORALAI DISTRICT,63,923,188,1111
LORALAI DISTRICT,64,1021,164,1185
LORALAI DISTRICT,65,842,123,965
LORALAI DISTRICT,66,776,166,942
LORALAI DISTRICT,67,944,144,1088
LORALAI DISTRICT,68,683,102,785
LORALAI DISTRICT,69,844,139,983
LORALAI DISTRICT,70,591,86,677
LORALAI DISTRICT,71,661,108,769
LORALAI DISTRICT,72,528,83,611
LORALAI DISTRICT,73,451,79,530
LORALAI DISTRICT,74,538,74,612
LORALAI DISTRICT,>=75,3271,516,3787
LOWER DIR DISTRICT,<1,39311,1035,40346
LOWER DIR DISTRICT,1,43259,1187,44446
LOWER DIR DISTRICT,2,47832,1242,49074
LOWER DIR DISTRICT,3,50319,1296,51615
LOWER DIR DISTRICT,4,52445,1318,53763
LOWER DIR DISTRICT,5,47140,1309,48449
LOWER DIR DISTRICT,6,46410,1213,47623
LOWER DIR DISTRICT,7,46700,1175,47875
LOWER DIR DISTRICT,8,46800,1203,48003
LOWER DIR DISTRICT,9,47439,1240,48679
LOWER DIR DISTRICT,10,41401,1100,42501
LOWER DIR DISTRICT,11,40941,1131,42072
LOWER DIR DISTRICT,12,36521,1073,37594
LOWER DIR DISTRICT,13,37118,1021,38139
LOWER DIR DISTRICT,14,35098,1004,36102
LOWER DIR DISTRICT,15,34909,1004,35913
LOWER DIR DISTRICT,16,31635,938,32573
LOWER DIR DISTRICT,17,29745,919,30664
LOWER DIR DISTRICT,18,29196,896,30092
LOWER DIR DISTRICT,19,26953,832,27785
LOWER DIR DISTRICT,20,28139,802,28941
LOWER DIR DISTRICT,21,23938,804,24742
LOWER DIR DISTRICT,22,24360,799,25159
LOWER DIR DISTRICT,23,23626,782,24408
LOWER DIR DISTRICT,24,21084,671,21755
LOWER DIR DISTRICT,25,22848,747,23595
LOWER DIR DISTRICT,26,20343,673,21016
LOWER DIR DISTRICT,27,19860,652,20512
LOWER DIR DISTRICT,28,19078,626,19704
LOWER DIR DISTRICT,29,19097,617,19714
LOWER DIR DISTRICT,30,18335,587,18922
LOWER DIR DISTRICT,31,17134,567,17701
LOWER DIR DISTRICT,32,14962,436,15398
LOWER DIR DISTRICT,33,15137,450,15587
LOWER DIR DISTRICT,34,12897,440,13337
LOWER DIR DISTRICT,35,13217,493,13710
LOWER DIR DISTRICT,36,12228,384,12612
LOWER DIR DISTRICT,37,12838,340,13178
LOWER DIR DISTRICT,38,12221,401,12622
LOWER DIR DISTRICT,39,11581,394,11975
LOWER DIR DISTRICT,40,11983,397,12380
LOWER DIR DISTRICT,41,11084,341,11425
LOWER DIR DISTRICT,42,10065,309,10374
LOWER DIR DISTRICT,43,9598,288,9886
LOWER DIR DISTRICT,44,8759,282,9041
LOWER DIR DISTRICT,45,8640,304,8944
LOWER DIR DISTRICT,46,7951,245,8196
LOWER DIR DISTRICT,47,8353,243,8596
LOWER DIR DISTRICT,48,7704,256,7960
LOWER DIR DISTRICT,49,7411,214,7625
LOWER DIR DISTRICT,50,7971,276,8247
LOWER DIR DISTRICT,51,6889,197,7086
LOWER DIR DISTRICT,52,5945,193,6138
LOWER DIR DISTRICT,53,5899,192,6091
LOWER DIR DISTRICT,54,5497,187,5684
LOWER DIR DISTRICT,55,6001,217,6218
LOWER DIR DISTRICT,56,5028,150,5178
LOWER DIR DISTRICT,57,5055,145,5200
LOWER DIR DISTRICT,58,5489,151,5640
LOWER DIR DISTRICT,59,5537,156,5693
LOWER DIR DISTRICT,60,5788,177,5965
LOWER DIR DISTRICT,61,5338,162,5500
LOWER DIR DISTRICT,62,4576,140,4716
LOWER DIR DISTRICT,63,4621,131,4752
LOWER DIR DISTRICT,64,4345,105,4450
LOWER DIR DISTRICT,65,4002,118,4120
LOWER DIR DISTRICT,66,3758,92,3850
LOWER DIR DISTRICT,67,3496,107,3603
LOWER DIR DISTRICT,68,3055,61,3116
LOWER DIR DISTRICT,69,3075,63,3138
LOWER DIR DISTRICT,70,3220,73,3293
LOWER DIR DISTRICT,71,3023,65,3088
LOWER DIR DISTRICT,72,2324,52,2376
LOWER DIR DISTRICT,73,2062,45,2107
LOWER DIR DISTRICT,74,2046,42,2088
LOWER DIR DISTRICT,>=75,16085,337,16422
MALAKAND PROTECTED AREA,<1,17994,1667,19661
MALAKAND PROTECTED AREA,1,18976,2029,21005
MALAKAND PROTECTED AREA,2,20131,2106,22237
MALAKAND PROTECTED AREA,3,21255,2231,23486
MALAKAND PROTECTED AREA,4,20799,2028,22827
MALAKAND PROTECTED AREA,5,21009,2079,23088
MALAKAND PROTECTED AREA,6,19422,2089,21511
MALAKAND PROTECTED AREA,7,20818,2159,22977
MALAKAND PROTECTED AREA,8,19632,1986,21618
MALAKAND PROTECTED AREA,9,20725,2045,22770
MALAKAND PROTECTED AREA,10,17362,1731,19093
MALAKAND PROTECTED AREA,11,17920,1824,19744
MALAKAND PROTECTED AREA,12,15568,1627,17195
MALAKAND PROTECTED AREA,13,17038,1772,18810
MALAKAND PROTECTED AREA,14,15121,1607,16728
MALAKAND PROTECTED AREA,15,15935,1629,17564
MALAKAND PROTECTED AREA,16,14592,1480,16072
MALAKAND PROTECTED AREA,17,14420,1441,15861
MALAKAND PROTECTED AREA,18,13342,1426,14768
MALAKAND PROTECTED AREA,19,12912,1361,14273
MALAKAND PROTECTED AREA,20,12969,1297,14266
MALAKAND PROTECTED AREA,21,11543,1220,12763
MALAKAND PROTECTED AREA,22,11403,1171,12574
MALAKAND PROTECTED AREA,23,11077,1142,12219
MALAKAND PROTECTED AREA,24,9974,1059,11033
MALAKAND PROTECTED AREA,25,11512,1230,12742
MALAKAND PROTECTED AREA,26,9987,1059,11046
MALAKAND PROTECTED AREA,27,9945,1129,11074
MALAKAND PROTECTED AREA,28,9510,1071,10581
MALAKAND PROTECTED AREA,29,9473,1044,10517
MALAKAND PROTECTED AREA,30,9878,1114,10992
MALAKAND PROTECTED AREA,31,8789,961,9750
MALAKAND PROTECTED AREA,32,7530,889,8419
MALAKAND PROTECTED AREA,33,7694,845,8539
MALAKAND PROTECTED AREA,34,6522,772,7294
MALAKAND PROTECTED AREA,35,7169,828,7997
MALAKAND PROTECTED AREA,36,6051,623,6674
MALAKAND PROTECTED AREA,37,5664,680,6344
MALAKAND PROTECTED AREA,38,6291,713,7004
MALAKAND PROTECTED AREA,39,5846,641,6487
MALAKAND PROTECTED AREA,40,7080,810,7890
MALAKAND PROTECTED AREA,41,5502,561,6063
MALAKAND PROTECTED AREA,42,4809,543,5352
MALAKAND PROTECTED AREA,43,5156,535,5691
MALAKAND PROTECTED AREA,44,4663,468,5131
MALAKAND PROTECTED AREA,45,4802,533,5335
MALAKAND PROTECTED AREA,46,4344,452,4796
MALAKAND PROTECTED AREA,47,4039,435,4474
MALAKAND PROTECTED AREA,48,4055,473,4528
MALAKAND PROTECTED AREA,49,4136,429,4565
MALAKAND PROTECTED AREA,50,5108,510,5618
MALAKAND PROTECTED AREA,51,4017,404,4421
MALAKAND PROTECTED AREA,52,3224,360,3584
MALAKAND PROTECTED AREA,53,3762,345,4107
MALAKAND PROTECTED AREA,54,3209,324,3533
MALAKAND PROTECTED AREA,55,3439,376,3815
MALAKAND PROTECTED AREA,56,2644,271,2915
MALAKAND PROTECTED AREA,57,2361,213,2574
MALAKAND PROTECTED AREA,58,2870,258,3128
MALAKAND PROTECTED AREA,59,2818,268,3086
MALAKAND PROTECTED AREA,60,3136,350,3486
MALAKAND PROTECTED AREA,61,2724,258,2982
MALAKAND PROTECTED AREA,62,2166,244,2410
MALAKAND PROTECTED AREA,63,2449,259,2708
MALAKAND PROTECTED AREA,64,2212,229,2441
MALAKAND PROTECTED AREA,65,1971,189,2160
MALAKAND PROTECTED AREA,66,1767,171,1938
MALAKAND PROTECTED AREA,67,1415,163,1578
MALAKAND PROTECTED AREA,68,1526,115,1641
MALAKAND PROTECTED AREA,69,1513,115,1628
MALAKAND PROTECTED AREA,70,1569,135,1704
MALAKAND PROTECTED AREA,71,1354,135,1489
MALAKAND PROTECTED AREA,72,1046,120,1166
MALAKAND PROTECTED AREA,73,1049,111,1160
MALAKAND PROTECTED AREA,74,1007,79,1086
MALAKAND PROTECTED AREA,>=75,7380,640,8020
MALIR DISTRICT,<1,20889,24835,45724
MALIR DISTRICT,1,22726,25959,48685
MALIR DISTRICT,2,23140,27407,50547
MALIR DISTRICT,3,25822,29443,55265
MALIR DISTRICT,4,23937,27021,50958
MALIR DISTRICT,5,24449,27785,52234
MALIR DISTRICT,6,23149,26705,49854
MALIR DISTRICT,7,24891,28111,53002
MALIR DISTRICT,8,22594,25067,47661
MALIR DISTRICT,9,22980,27438,50418
MALIR DISTRICT,10,20164,22796,42960
MALIR DISTRICT,11,20648,25637,46285
MALIR DISTRICT,12,18373,21687,40060
MALIR DISTRICT,13,18533,22818,41351
MALIR DISTRICT,14,17103,20564,37667
MALIR DISTRICT,15,17329,21142,38471
MALIR DISTRICT,16,17330,21479,38809
MALIR DISTRICT,17,17982,23180,41162
MALIR DISTRICT,18,17655,21674,39329
MALIR DISTRICT,19,19320,24958,44278
MALIR DISTRICT,20,17216,21904,39120
MALIR DISTRICT,21,18643,24040,42683
MALIR DISTRICT,22,17013,22135,39148
MALIR DISTRICT,23,16463,21830,38293
MALIR DISTRICT,24,15775,21344,37119
MALIR DISTRICT,25,15207,19333,34540
MALIR DISTRICT,26,15765,20877,36642
MALIR DISTRICT,27,16031,20578,36609
MALIR DISTRICT,28,15101,19899,35000
MALIR DISTRICT,29,15986,19928,35914
MALIR DISTRICT,30,14101,18670,32771
MALIR DISTRICT,31,14855,19105,33960
MALIR DISTRICT,32,12772,17291,30063
MALIR DISTRICT,33,12738,17287,30025
MALIR DISTRICT,34,12411,15826,28237
MALIR DISTRICT,35,10795,14520,25315
MALIR DISTRICT,36,10878,14191,25069
MALIR DISTRICT,37,10763,13301,24064
MALIR DISTRICT,38,9917,13817,23734
MALIR DISTRICT,39,10172,13200,23372
MALIR DISTRICT,40,8389,12548,20937
MALIR DISTRICT,41,8795,11591,20386
MALIR DISTRICT,42,7320,10324,17644
MALIR DISTRICT,43,7454,10509,17963
MALIR DISTRICT,44,7120,9064,16184
MALIR DISTRICT,45,6374,8674,15048
MALIR DISTRICT,46,6843,8116,14959
MALIR DISTRICT,47,6556,7753,14309
MALIR DISTRICT,48,6337,8057,14394
MALIR DISTRICT,49,6441,8132,14573
MALIR DISTRICT,50,5482,7652,13134
MALIR DISTRICT,51,5989,7323,13312
MALIR DISTRICT,52,5222,6669,11891
MALIR DISTRICT,53,5027,6691,11718
MALIR DISTRICT,54,4555,6080,10635
MALIR DISTRICT,55,3897,5427,9324
MALIR DISTRICT,56,4108,5051,9159
MALIR DISTRICT,57,4149,4636,8785
MALIR DISTRICT,58,3765,4672,8437
MALIR DISTRICT,59,3695,4573,8268
MALIR DISTRICT,60,3059,4299,7358
MALIR DISTRICT,61,3596,4437,8033
MALIR DISTRICT,62,3311,4046,7357
MALIR DISTRICT,63,3320,4106,7426
MALIR DISTRICT,64,2698,3542,6240
MALIR DISTRICT,65,1999,2758,4757
MALIR DISTRICT,66,2022,2468,4490
MALIR DISTRICT,67,1953,2273,4226
MALIR DISTRICT,68,1933,2424,4357
MALIR DISTRICT,69,1584,2113,3697
MALIR DISTRICT,70,1146,1685,2831
MALIR DISTRICT,71,1307,1629,2936
MALIR DISTRICT,72,1212,1438,2650
MALIR DISTRICT,73,1227,1604,2831
MALIR DISTRICT,74,914,1190,2104
MALIR DISTRICT,>=75,7219,8376,15595
MANDI BAHAUDDIN DISTRICT,<1,28895,7477,36372
MANDI BAHAUDDIN DISTRICT,1,30500,7581,38081
MANDI BAHAUDDIN DISTRICT,2,31284,7856,39140
MANDI BAHAUDDIN DISTRICT,3,33621,8284,41905
MANDI BAHAUDDIN DISTRICT,4,32780,7731,40511
MANDI BAHAUDDIN DISTRICT,5,32821,7894,40715
MANDI BAHAUDDIN DISTRICT,6,32858,7917,40775
MANDI BAHAUDDIN DISTRICT,7,32802,8343,41145
MANDI BAHAUDDIN DISTRICT,8,30718,7322,38040
MANDI BAHAUDDIN DISTRICT,9,31867,7984,39851
MANDI BAHAUDDIN DISTRICT,10,28867,6670,35537
MANDI BAHAUDDIN DISTRICT,11,31197,8360,39557
MANDI BAHAUDDIN DISTRICT,12,28076,6718,34794
MANDI BAHAUDDIN DISTRICT,13,28698,7400,36098
MANDI BAHAUDDIN DISTRICT,14,27603,6894,34497
MANDI BAHAUDDIN DISTRICT,15,27578,6901,34479
MANDI BAHAUDDIN DISTRICT,16,27938,7030,34968
MANDI BAHAUDDIN DISTRICT,17,27186,7215,34401
MANDI BAHAUDDIN DISTRICT,18,24335,5892,30227
MANDI BAHAUDDIN DISTRICT,19,26486,7010,33496
MANDI BAHAUDDIN DISTRICT,20,22894,5662,28556
MANDI BAHAUDDIN DISTRICT,21,24917,7065,31982
MANDI BAHAUDDIN DISTRICT,22,22701,6038,28739
MANDI BAHAUDDIN DISTRICT,23,21892,6180,28072
MANDI BAHAUDDIN DISTRICT,24,20676,6149,26825
MANDI BAHAUDDIN DISTRICT,25,19805,5063,24868
MANDI BAHAUDDIN DISTRICT,26,19582,5781,25363
MANDI BAHAUDDIN DISTRICT,27,18828,5717,24545
MANDI BAHAUDDIN DISTRICT,28,18368,5365,23733
MANDI BAHAUDDIN DISTRICT,29,18425,5510,23935
MANDI BAHAUDDIN DISTRICT,30,18839,4629,23468
MANDI BAHAUDDIN DISTRICT,31,16796,5129,21925
MANDI BAHAUDDIN DISTRICT,32,15960,4869,20829
MANDI BAHAUDDIN DISTRICT,33,14945,4747,19692
MANDI BAHAUDDIN DISTRICT,34,13882,4265,18147
MANDI BAHAUDDIN DISTRICT,35,15702,3976,19678
MANDI BAHAUDDIN DISTRICT,36,14659,4089,18748
MANDI BAHAUDDIN DISTRICT,37,13859,3999,17858
MANDI BAHAUDDIN DISTRICT,38,14193,4048,18241
MANDI BAHAUDDIN DISTRICT,39,13509,3810,17319
MANDI BAHAUDDIN DISTRICT,40,13957,3727,17684
MANDI BAHAUDDIN DISTRICT,41,11989,3522,15511
MANDI BAHAUDDIN DISTRICT,42,11604,3417,15021
MANDI BAHAUDDIN DISTRICT,43,10901,3229,14130
MANDI BAHAUDDIN DISTRICT,44,10434,2970,13404
MANDI BAHAUDDIN DISTRICT,45,11583,2923,14506
MANDI BAHAUDDIN DISTRICT,46,10609,2725,13334
MANDI BAHAUDDIN DISTRICT,47,10416,2822,13238
MANDI BAHAUDDIN DISTRICT,48,11705,3050,14755
MANDI BAHAUDDIN DISTRICT,49,11309,2948,14257
MANDI BAHAUDDIN DISTRICT,50,11948,2933,14881
MANDI BAHAUDDIN DISTRICT,51,10665,2751,13416
MANDI BAHAUDDIN DISTRICT,52,10195,2721,12916
MANDI BAHAUDDIN DISTRICT,53,9834,2559,12393
MANDI BAHAUDDIN DISTRICT,54,9060,2434,11494
MANDI BAHAUDDIN DISTRICT,55,9263,2206,11469
MANDI BAHAUDDIN DISTRICT,56,7582,1913,9495
MANDI BAHAUDDIN DISTRICT,57,6698,1676,8374
MANDI BAHAUDDIN DISTRICT,58,6886,1740,8626
MANDI BAHAUDDIN DISTRICT,59,7327,1742,9069
MANDI BAHAUDDIN DISTRICT,60,8222,1747,9969
MANDI BAHAUDDIN DISTRICT,61,7364,1816,9180
MANDI BAHAUDDIN DISTRICT,62,6840,1710,8550
MANDI BAHAUDDIN DISTRICT,63,6266,1570,7836
MANDI BAHAUDDIN DISTRICT,64,5521,1362,6883
MANDI BAHAUDDIN DISTRICT,65,6287,1138,7425
MANDI BAHAUDDIN DISTRICT,66,5296,946,6242
MANDI BAHAUDDIN DISTRICT,67,4547,945,5492
MANDI BAHAUDDIN DISTRICT,68,4106,887,4993
MANDI BAHAUDDIN DISTRICT,69,3974,783,4757
MANDI BAHAUDDIN DISTRICT,70,5135,912,6047
MANDI BAHAUDDIN DISTRICT,71,4500,851,5351
MANDI BAHAUDDIN DISTRICT,72,3919,784,4703
MANDI BAHAUDDIN DISTRICT,73,3241,692,3933
MANDI BAHAUDDIN DISTRICT,74,2755,504,3259
MANDI BAHAUDDIN DISTRICT,>=75,29201,5133,34334
MANSEHRA DISTRICT,<1,39310,3564,42874
MANSEHRA DISTRICT,1,38842,3366,42208
MANSEHRA DISTRICT,2,39277,3355,42632
MANSEHRA DISTRICT,3,41967,4004,45971
MANSEHRA DISTRICT,4,40732,3516,44248
MANSEHRA DISTRICT,5,42226,3740,45966
MANSEHRA DISTRICT,6,40496,3553,44049
MANSEHRA DISTRICT,7,44005,4020,48025
MANSEHRA DISTRICT,8,40598,3516,44114
MANSEHRA DISTRICT,9,43004,3820,46824
MANSEHRA DISTRICT,10,36341,3168,39509
MANSEHRA DISTRICT,11,39217,3833,43050
MANSEHRA DISTRICT,12,34235,3271,37506
MANSEHRA DISTRICT,13,35181,3382,38563
MANSEHRA DISTRICT,14,32038,3073,35111
MANSEHRA DISTRICT,15,31661,3132,34793
MANSEHRA DISTRICT,16,30642,3150,33792
MANSEHRA DISTRICT,17,30396,3282,33678
MANSEHRA DISTRICT,18,28710,2853,31563
MANSEHRA DISTRICT,19,29678,3099,32777
MANSEHRA DISTRICT,20,25315,2565,27880
MANSEHRA DISTRICT,21,26445,2939,29384
MANSEHRA DISTRICT,22,24367,2735,27102
MANSEHRA DISTRICT,23,24024,2713,26737
MANSEHRA DISTRICT,24,23095,2871,25966
MANSEHRA DISTRICT,25,20633,2301,22934
MANSEHRA DISTRICT,26,22164,2545,24709
MANSEHRA DISTRICT,27,20763,2442,23205
MANSEHRA DISTRICT,28,19999,2380,22379
MANSEHRA DISTRICT,29,20860,2271,23131
MANSEHRA DISTRICT,30,18450,2097,20547
MANSEHRA DISTRICT,31,20238,2123,22361
MANSEHRA DISTRICT,32,17782,2119,19901
MANSEHRA DISTRICT,33,16990,2122,19112
MANSEHRA DISTRICT,34,16523,1879,18402
MANSEHRA DISTRICT,35,13969,1754,15723
MANSEHRA DISTRICT,36,16478,1769,18247
MANSEHRA DISTRICT,37,13830,1566,15396
MANSEHRA DISTRICT,38,14382,1955,16337
MANSEHRA DISTRICT,39,13766,1644,15410
MANSEHRA DISTRICT,40,11978,1721,13699
MANSEHRA DISTRICT,41,13285,1478,14763
MANSEHRA DISTRICT,42,11425,1426,12851
MANSEHRA DISTRICT,43,11677,1458,13135
MANSEHRA DISTRICT,44,11265,1261,12526
MANSEHRA DISTRICT,45,9575,1264,10839
MANSEHRA DISTRICT,46,11691,1221,12912
MANSEHRA DISTRICT,47,10071,1007,11078
MANSEHRA DISTRICT,48,10661,1224,11885
MANSEHRA DISTRICT,49,10563,1142,11705
MANSEHRA DISTRICT,50,9433,1276,10709
MANSEHRA DISTRICT,51,10728,1091,11819
MANSEHRA DISTRICT,52,8945,1084,10029
MANSEHRA DISTRICT,53,8976,1105,10081
MANSEHRA DISTRICT,54,8382,973,9355
MANSEHRA DISTRICT,55,6828,984,7812
MANSEHRA DISTRICT,56,7041,837,7878
MANSEHRA DISTRICT,57,5837,586,6423
MANSEHRA DISTRICT,58,6287,818,7105
MANSEHRA DISTRICT,59,5554,656,6210
MANSEHRA DISTRICT,60,5795,726,6521
MANSEHRA DISTRICT,61,6869,713,7582
MANSEHRA DISTRICT,62,6192,673,6865
MANSEHRA DISTRICT,63,5961,681,6642
MANSEHRA DISTRICT,64,5451,544,5995
MANSEHRA DISTRICT,65,4470,550,5020
MANSEHRA DISTRICT,66,5058,455,5513
MANSEHRA DISTRICT,67,4806,350,5156
MANSEHRA DISTRICT,68,4688,402,5090
MANSEHRA DISTRICT,69,3905,353,4258
MANSEHRA DISTRICT,70,3377,355,3732
MANSEHRA DISTRICT,71,4214,307,4521
MANSEHRA DISTRICT,72,3808,293,4101
MANSEHRA DISTRICT,73,3462,274,3736
MANSEHRA DISTRICT,74,2571,205,2776
MANSEHRA DISTRICT,>=75,21386,1918,23304
MARDAN DISTRICT,<1,52051,11008,63059
MARDAN DISTRICT,1,52764,11755,64519
MARDAN DISTRICT,2,58103,12464,70567
MARDAN DISTRICT,3,60395,13043,73438
MARDAN DISTRICT,4,62944,12438,75382
MARDAN DISTRICT,5,58180,12587,70767
MARDAN DISTRICT,6,58003,11966,69969
MARDAN DISTRICT,7,58686,12560,71246
MARDAN DISTRICT,8,57994,11412,69406
MARDAN DISTRICT,9,57683,12167,69850
MARDAN DISTRICT,10,53186,10752,63938
MARDAN DISTRICT,11,52014,11265,63279
MARDAN DISTRICT,12,48212,10142,58354
MARDAN DISTRICT,13,50592,11025,61617
MARDAN DISTRICT,14,47205,10013,57218
MARDAN DISTRICT,15,46908,10227,57135
MARDAN DISTRICT,16,43125,9750,52875
MARDAN DISTRICT,17,42979,10256,53235
MARDAN DISTRICT,18,39674,9303,48977
MARDAN DISTRICT,19,39542,10001,49543
MARDAN DISTRICT,20,40232,9007,49239
MARDAN DISTRICT,21,36275,9528,45803
MARDAN DISTRICT,22,34324,8617,42941
MARDAN DISTRICT,23,32362,8079,40441
MARDAN DISTRICT,24,30306,7600,37906
MARDAN DISTRICT,25,32589,7478,40067
MARDAN DISTRICT,26,30553,7394,37947
MARDAN DISTRICT,27,30092,7420,37512
MARDAN DISTRICT,28,27484,6924,34408
MARDAN DISTRICT,29,28536,6913,35449
MARDAN DISTRICT,30,28232,6791,35023
MARDAN DISTRICT,31,26548,6410,32958
MARDAN DISTRICT,32,22408,5907,28315
MARDAN DISTRICT,33,22587,5800,28387
MARDAN DISTRICT,34,20024,5098,25122
MARDAN DISTRICT,35,19854,4931,24785
MARDAN DISTRICT,36,18932,4665,23597
MARDAN DISTRICT,37,18569,4641,23210
MARDAN DISTRICT,38,17660,4804,22464
MARDAN DISTRICT,39,18042,4771,22813
MARDAN DISTRICT,40,18405,4755,23160
MARDAN DISTRICT,41,17248,4154,21402
MARDAN DISTRICT,42,15351,3984,19335
MARDAN DISTRICT,43,15635,4031,19666
MARDAN DISTRICT,44,14582,3681,18263
MARDAN DISTRICT,45,13425,3312,16737
MARDAN DISTRICT,46,14014,3308,17322
MARDAN DISTRICT,47,13557,3225,16782
MARDAN DISTRICT,48,12703,3243,15946
MARDAN DISTRICT,49,13094,3179,16273
MARDAN DISTRICT,50,13102,3164,16266
MARDAN DISTRICT,51,12596,2922,15518
MARDAN DISTRICT,52,10857,2724,13581
MARDAN DISTRICT,53,10784,2644,13428
MARDAN DISTRICT,54,9688,2373,12061
MARDAN DISTRICT,55,9282,2313,11595
MARDAN DISTRICT,56,8591,1955,10546
MARDAN DISTRICT,57,8208,1827,10035
MARDAN DISTRICT,58,8446,1840,10286
MARDAN DISTRICT,59,8869,1990,10859
MARDAN DISTRICT,60,8855,1942,10797
MARDAN DISTRICT,61,8943,1924,10867
MARDAN DISTRICT,62,7634,1893,9527
MARDAN DISTRICT,63,7721,1848,9569
MARDAN DISTRICT,64,7157,1448,8605
MARDAN DISTRICT,65,5896,1278,7174
MARDAN DISTRICT,66,6046,1129,7175
MARDAN DISTRICT,67,5123,1211,6334
MARDAN DISTRICT,68,4755,1104,5859
MARDAN DISTRICT,69,4871,906,5777
MARDAN DISTRICT,70,4816,828,5644
MARDAN DISTRICT,71,4515,822,5337
MARDAN DISTRICT,72,3639,770,4409
MARDAN DISTRICT,73,3420,812,4232
MARDAN DISTRICT,74,2962,570,3532
MARDAN DISTRICT,>=75,22538,4201,26739
MASTUNG DISTRICT,<1,6492,820,7312
MASTUNG DISTRICT,1,7835,976,8811
MASTUNG DISTRICT,2,9484,1165,10649
MASTUNG DISTRICT,3,8898,1101,9999
MASTUNG DISTRICT,4,9017,1044,10061
MASTUNG DISTRICT,5,8154,1106,9260
MASTUNG DISTRICT,6,8466,1020,9486
MASTUNG DISTRICT,7,8421,1119,9540
MASTUNG DISTRICT,8,8552,1029,9581
MASTUNG DISTRICT,9,7213,985,8198
MASTUNG DISTRICT,10,7742,941,8683
MASTUNG DISTRICT,11,5577,895,6472
MASTUNG DISTRICT,12,6074,892,6966
MASTUNG DISTRICT,13,4944,834,5778
MASTUNG DISTRICT,14,5480,844,6324
MASTUNG DISTRICT,15,4930,848,5778
MASTUNG DISTRICT,16,4958,788,5746
MASTUNG DISTRICT,17,4274,773,5047
MASTUNG DISTRICT,18,4982,812,5794
MASTUNG DISTRICT,19,4086,756,4842
MASTUNG DISTRICT,20,4527,647,5174
MASTUNG DISTRICT,21,3586,663,4249
MASTUNG DISTRICT,22,3389,572,3961
MASTUNG DISTRICT,23,2989,581,3570
MASTUNG DISTRICT,24,2674,528,3202
MASTUNG DISTRICT,25,4017,598,4615
MASTUNG DISTRICT,26,2723,546,3269
MASTUNG DISTRICT,27,3446,598,4044
MASTUNG DISTRICT,28,3305,610,3915
MASTUNG DISTRICT,29,3300,537,3837
MASTUNG DISTRICT,30,3661,556,4217
MASTUNG DISTRICT,31,3010,522,3532
MASTUNG DISTRICT,32,2630,403,3033
MASTUNG DISTRICT,33,2683,455,3138
MASTUNG DISTRICT,34,2164,377,2541
MASTUNG DISTRICT,35,2749,437,3186
MASTUNG DISTRICT,36,1904,322,2226
MASTUNG DISTRICT,37,2549,420,2969
MASTUNG DISTRICT,38,2005,376,2381
MASTUNG DISTRICT,39,2123,385,2508
MASTUNG DISTRICT,40,2372,325,2697
MASTUNG DISTRICT,41,1652,291,1943
MASTUNG DISTRICT,42,1565,314,1879
MASTUNG DISTRICT,43,1453,256,1709
MASTUNG DISTRICT,44,1279,242,1521
MASTUNG DISTRICT,45,1572,254,1826
MASTUNG DISTRICT,46,1193,203,1396
MASTUNG DISTRICT,47,1630,319,1949
MASTUNG DISTRICT,48,1151,214,1365
MASTUNG DISTRICT,49,1329,245,1574
MASTUNG DISTRICT,50,1585,231,1816
MASTUNG DISTRICT,51,1130,220,1350
MASTUNG DISTRICT,52,970,202,1172
MASTUNG DISTRICT,53,1028,180,1208
MASTUNG DISTRICT,54,867,192,1059
MASTUNG DISTRICT,55,987,171,1158
MASTUNG DISTRICT,56,676,143,819
MASTUNG DISTRICT,57,977,172,1149
MASTUNG DISTRICT,58,686,134,820
MASTUNG DISTRICT,59,798,151,949
MASTUNG DISTRICT,60,1001,133,1134
MASTUNG DISTRICT,61,773,134,907
MASTUNG DISTRICT,62,682,125,807
MASTUNG DISTRICT,63,703,110,813
MASTUNG DISTRICT,64,601,106,707
MASTUNG DISTRICT,65,569,90,659
MASTUNG DISTRICT,66,595,93,688
MASTUNG DISTRICT,67,652,112,764
MASTUNG DISTRICT,68,404,66,470
MASTUNG DISTRICT,69,466,80,546
MASTUNG DISTRICT,70,474,57,531
MASTUNG DISTRICT,71,455,62,517
MASTUNG DISTRICT,72,370,59,429
MASTUNG DISTRICT,73,285,51,336
MASTUNG DISTRICT,74,268,35,303
MASTUNG DISTRICT,>=75,2468,344,2812
MATIARI DISTRICT,<1,12673,3537,16210
MATIARI DISTRICT,1,15342,4463,19805
MATIARI DISTRICT,2,17886,4873,22759
MATIARI DISTRICT,3,19954,5532,25486
MATIARI DISTRICT,4,20400,5328,25728
MATIARI DISTRICT,5,20372,5807,26179
MATIARI DISTRICT,6,19247,5108,24355
MATIARI DISTRICT,7,17899,5161,23060
MATIARI DISTRICT,8,20422,5258,25680
MATIARI DISTRICT,9,15577,4607,20184
MATIARI DISTRICT,10,18623,4770,23393
MATIARI DISTRICT,11,13157,4143,17300
MATIARI DISTRICT,12,15114,4313,19427
MATIARI DISTRICT,13,11834,4040,15874
MATIARI DISTRICT,14,12651,3914,16565
MATIARI DISTRICT,15,13292,4308,17600
MATIARI DISTRICT,16,12413,3906,16319
MATIARI DISTRICT,17,11227,4003,15230
MATIARI DISTRICT,18,13289,4113,17402
MATIARI DISTRICT,19,10842,3697,14539
MATIARI DISTRICT,20,13195,3936,17131
MATIARI DISTRICT,21,9381,3376,12757
MATIARI DISTRICT,22,10003,3285,13288
MATIARI DISTRICT,23,8545,3064,11609
MATIARI DISTRICT,24,8296,2847,11143
MATIARI DISTRICT,25,10138,3113,13251
MATIARI DISTRICT,26,8514,2865,11379
MATIARI DISTRICT,27,8635,2986,11621
MATIARI DISTRICT,28,8940,2926,11866
MATIARI DISTRICT,29,8442,2904,11346
MATIARI DISTRICT,30,8810,2917,11727
MATIARI DISTRICT,31,8024,2752,10776
MATIARI DISTRICT,32,8097,2747,10844
MATIARI DISTRICT,33,7488,2486,9974
MATIARI DISTRICT,34,7230,2342,9572
MATIARI DISTRICT,35,7212,2377,9589
MATIARI DISTRICT,36,7101,2257,9358
MATIARI DISTRICT,37,8533,2554,11087
MATIARI DISTRICT,38,7052,2282,9334
MATIARI DISTRICT,39,6642,2325,8967
MATIARI DISTRICT,40,6069,2138,8207
MATIARI DISTRICT,41,5870,1942,7812
MATIARI DISTRICT,42,5555,1831,7386
MATIARI DISTRICT,43,4944,1832,6776
MATIARI DISTRICT,44,4756,1625,6381
MATIARI DISTRICT,45,4585,1459,6044
MATIARI DISTRICT,46,4643,1484,6127
MATIARI DISTRICT,47,4830,1591,6421
MATIARI DISTRICT,48,4134,1368,5502
MATIARI DISTRICT,49,4167,1437,5604
MATIARI DISTRICT,50,3918,1332,5250
MATIARI DISTRICT,51,3638,1289,4927
MATIARI DISTRICT,52,3273,1160,4433
MATIARI DISTRICT,53,2690,1041,3731
MATIARI DISTRICT,54,2486,911,3397
MATIARI DISTRICT,55,2358,839,3197
MATIARI DISTRICT,56,2185,774,2959
MATIARI DISTRICT,57,2586,867,3453
MATIARI DISTRICT,58,2111,757,2868
MATIARI DISTRICT,59,2262,842,3104
MATIARI DISTRICT,60,2343,712,3055
MATIARI DISTRICT,61,2086,749,2835
MATIARI DISTRICT,62,2210,744,2954
MATIARI DISTRICT,63,1987,689,2676
MATIARI DISTRICT,64,1931,626,2557
MATIARI DISTRICT,65,1778,496,2274
MATIARI DISTRICT,66,1602,493,2095
MATIARI DISTRICT,67,1306,462,1768
MATIARI DISTRICT,68,1287,414,1701
MATIARI DISTRICT,69,1261,415,1676
MATIARI DISTRICT,70,1159,369,1528
MATIARI DISTRICT,71,1062,329,1391
MATIARI DISTRICT,72,828,281,1109
MATIARI DISTRICT,73,829,238,1067
MATIARI DISTRICT,74,764,230,994
MATIARI DISTRICT,>=75,5386,1681,7067
MIANWALI DISTRICT,<1,28590,7062,35652
MIANWALI DISTRICT,1,30806,7085,37891
MIANWALI DISTRICT,2,31716,7808,39524
MIANWALI DISTRICT,3,34027,8207,42234
MIANWALI DISTRICT,4,33456,8028,41484
MIANWALI DISTRICT,5,33533,7883,41416
MIANWALI DISTRICT,6,31120,7450,38570
MIANWALI DISTRICT,7,33083,7910,40993
MIANWALI DISTRICT,8,30784,6992,37776
MIANWALI DISTRICT,9,33229,8111,41340
MIANWALI DISTRICT,10,28018,6376,34394
MIANWALI DISTRICT,11,31090,7547,38637
MIANWALI DISTRICT,12,26521,6245,32766
MIANWALI DISTRICT,13,28202,7053,35255
MIANWALI DISTRICT,14,26305,6412,32717
MIANWALI DISTRICT,15,26763,6533,33296
MIANWALI DISTRICT,16,26418,6649,33067
MIANWALI DISTRICT,17,29004,7568,36572
MIANWALI DISTRICT,18,22680,5888,28568
MIANWALI DISTRICT,19,25763,6798,32561
MIANWALI DISTRICT,20,22325,5832,28157
MIANWALI DISTRICT,21,24192,6939,31131
MIANWALI DISTRICT,22,21132,5951,27083
MIANWALI DISTRICT,23,21982,6643,28625
MIANWALI DISTRICT,24,20225,5937,26162
MIANWALI DISTRICT,25,18308,5188,23496
MIANWALI DISTRICT,26,19558,5964,25522
MIANWALI DISTRICT,27,19336,5982,25318
MIANWALI DISTRICT,28,18320,5433,23753
MIANWALI DISTRICT,29,19029,5819,24848
MIANWALI DISTRICT,30,16461,4923,21384
MIANWALI DISTRICT,31,17116,5332,22448
MIANWALI DISTRICT,32,16350,5145,21495
MIANWALI DISTRICT,33,15579,4908,20487
MIANWALI DISTRICT,34,15407,4692,20099
MIANWALI DISTRICT,35,13515,4044,17559
MIANWALI DISTRICT,36,13864,4270,18134
MIANWALI DISTRICT,37,12844,4080,16924
MIANWALI DISTRICT,38,13619,4385,18004
MIANWALI DISTRICT,39,13027,4055,17082
MIANWALI DISTRICT,40,11903,3525,15428
MIANWALI DISTRICT,41,11543,3546,15089
MIANWALI DISTRICT,42,10844,3365,14209
MIANWALI DISTRICT,43,10858,3319,14177
MIANWALI DISTRICT,44,10278,3191,13469
MIANWALI DISTRICT,45,9642,2779,12421
MIANWALI DISTRICT,46,9832,2854,12686
MIANWALI DISTRICT,47,9121,2695,11816
MIANWALI DISTRICT,48,10429,3087,13516
MIANWALI DISTRICT,49,10094,3049,13143
MIANWALI DISTRICT,50,9534,2679,12213
MIANWALI DISTRICT,51,9822,2881,12703
MIANWALI DISTRICT,52,9476,2679,12155
MIANWALI DISTRICT,53,9791,2827,12618
MIANWALI DISTRICT,54,8835,2532,11367
MIANWALI DISTRICT,55,7601,2181,9782
MIANWALI DISTRICT,56,7491,2098,9589
MIANWALI DISTRICT,57,6463,1920,8383
MIANWALI DISTRICT,58,6688,1966,8654
MIANWALI DISTRICT,59,6064,1845,7909
MIANWALI DISTRICT,60,5641,1543,7184
MIANWALI DISTRICT,61,6095,1882,7977
MIANWALI DISTRICT,62,5852,1885,7737
MIANWALI DISTRICT,63,5843,1872,7715
MIANWALI DISTRICT,64,5271,1530,6801
MIANWALI DISTRICT,65,4680,1320,6000
MIANWALI DISTRICT,66,4192,1239,5431
MIANWALI DISTRICT,67,4201,1146,5347
MIANWALI DISTRICT,68,4533,1289,5822
MIANWALI DISTRICT,69,3899,1136,5035
MIANWALI DISTRICT,70,3418,859,4277
MIANWALI DISTRICT,71,3478,881,4359
MIANWALI DISTRICT,72,3096,879,3975
MIANWALI DISTRICT,73,3215,879,4094
MIANWALI DISTRICT,74,2411,646,3057
MIANWALI DISTRICT,>=75,19358,4681,24039
MIRPUR KHAS DISTRICT,<1,26789,9027,35816
MIRPUR KHAS DISTRICT,1,31987,10027,42014
MIRPUR KHAS DISTRICT,2,36428,10668,47096
MIRPUR KHAS DISTRICT,3,39180,11833,51013
MIRPUR KHAS DISTRICT,4,39685,11131,50816
MIRPUR KHAS DISTRICT,5,39393,11790,51183
MIRPUR KHAS DISTRICT,6,39471,11092,50563
MIRPUR KHAS DISTRICT,7,35158,11352,46510
MIRPUR KHAS DISTRICT,8,40809,11084,51893
MIRPUR KHAS DISTRICT,9,30218,10731,40949
MIRPUR KHAS DISTRICT,10,35676,10076,45752
MIRPUR KHAS DISTRICT,11,24579,10142,34721
MIRPUR KHAS DISTRICT,12,28507,9413,37920
MIRPUR KHAS DISTRICT,13,21280,9419,30699
MIRPUR KHAS DISTRICT,14,21300,8810,30110
MIRPUR KHAS DISTRICT,15,22396,9542,31938
MIRPUR KHAS DISTRICT,16,20501,9206,29707
MIRPUR KHAS DISTRICT,17,18310,9533,27843
MIRPUR KHAS DISTRICT,18,22950,8789,31739
MIRPUR KHAS DISTRICT,19,18369,8905,27274
MIRPUR KHAS DISTRICT,20,22385,8504,30889
MIRPUR KHAS DISTRICT,21,16094,8589,24683
MIRPUR KHAS DISTRICT,22,16869,7859,24728
MIRPUR KHAS DISTRICT,23,14514,7780,22294
MIRPUR KHAS DISTRICT,24,13576,7511,21087
MIRPUR KHAS DISTRICT,25,16818,7101,23919
MIRPUR KHAS DISTRICT,26,14510,7457,21967
MIRPUR KHAS DISTRICT,27,16839,7597,24436
MIRPUR KHAS DISTRICT,28,15120,7089,22209
MIRPUR KHAS DISTRICT,29,16841,7582,24423
MIRPUR KHAS DISTRICT,30,14626,6555,21181
MIRPUR KHAS DISTRICT,31,15765,7286,23051
MIRPUR KHAS DISTRICT,32,15287,7025,22312
MIRPUR KHAS DISTRICT,33,13202,6635,19837
MIRPUR KHAS DISTRICT,34,12113,5982,18095
MIRPUR KHAS DISTRICT,35,12328,5350,17678
MIRPUR KHAS DISTRICT,36,11814,5367,17181
MIRPUR KHAS DISTRICT,37,16831,6215,23046
MIRPUR KHAS DISTRICT,38,10378,5415,15793
MIRPUR KHAS DISTRICT,39,12879,5646,18525
MIRPUR KHAS DISTRICT,40,8930,4578,13508
MIRPUR KHAS DISTRICT,41,9869,4783,14652
MIRPUR KHAS DISTRICT,42,10034,4726,14760
MIRPUR KHAS DISTRICT,43,8288,4532,12820
MIRPUR KHAS DISTRICT,44,7672,4277,11949
MIRPUR KHAS DISTRICT,45,7019,3489,10508
MIRPUR KHAS DISTRICT,46,7173,3713,10886
MIRPUR KHAS DISTRICT,47,9473,4191,13664
MIRPUR KHAS DISTRICT,48,6567,3735,10302
MIRPUR KHAS DISTRICT,49,7358,4161,11519
MIRPUR KHAS DISTRICT,50,5699,3174,8873
MIRPUR KHAS DISTRICT,51,6178,3558,9736
MIRPUR KHAS DISTRICT,52,5872,3300,9172
MIRPUR KHAS DISTRICT,53,4727,3151,7878
MIRPUR KHAS DISTRICT,54,4225,2735,6960
MIRPUR KHAS DISTRICT,55,3945,2253,6198
MIRPUR KHAS DISTRICT,56,3380,2082,5462
MIRPUR KHAS DISTRICT,57,4886,2457,7343
MIRPUR KHAS DISTRICT,58,3642,2026,5668
MIRPUR KHAS DISTRICT,59,4058,2184,6242
MIRPUR KHAS DISTRICT,60,3524,1704,5228
MIRPUR KHAS DISTRICT,61,3655,2164,5819
MIRPUR KHAS DISTRICT,62,3771,1946,5717
MIRPUR KHAS DISTRICT,63,3397,1791,5188
MIRPUR KHAS DISTRICT,64,3566,1530,5096
MIRPUR KHAS DISTRICT,65,2813,1275,4088
MIRPUR KHAS DISTRICT,66,2474,1193,3667
MIRPUR KHAS DISTRICT,67,2786,1155,3941
MIRPUR KHAS DISTRICT,68,2233,1232,3465
MIRPUR KHAS DISTRICT,69,2580,1124,3704
MIRPUR KHAS DISTRICT,70,1984,841,2825
MIRPUR KHAS DISTRICT,71,1885,933,2818
MIRPUR KHAS DISTRICT,72,1632,837,2469
MIRPUR KHAS DISTRICT,73,1625,835,2460
MIRPUR KHAS DISTRICT,74,1447,610,2057
MIRPUR KHAS DISTRICT,>=75,10217,4691,14908
MOHMAND AGENCY,<1,12271,0,12271
MOHMAND AGENCY,1,14417,0,14417
MOHMAND AGENCY,2,16952,0,16952
MOHMAND AGENCY,3,17003,0,17003
MOHMAND AGENCY,4,18032,0,18032
MOHMAND AGENCY,5,16761,0,16761
MOHMAND AGENCY,6,18923,0,18923
MOHMAND AGENCY,7,16120,0,16120
MOHMAND AGENCY,8,18998,0,18998
MOHMAND AGENCY,9,15304,0,15304
MOHMAND AGENCY,10,16762,0,16762
MOHMAND AGENCY,11,12655,0,12655
MOHMAND AGENCY,12,13696,0,13696
MOHMAND AGENCY,13,11684,0,11684
MOHMAND AGENCY,14,12113,0,12113
MOHMAND AGENCY,15,10967,0,10967
MOHMAND AGENCY,16,10030,0,10030
MOHMAND AGENCY,17,7879,0,7879
MOHMAND AGENCY,18,10395,0,10395
MOHMAND AGENCY,19,8189,0,8189
MOHMAND AGENCY,20,10676,0,10676
MOHMAND AGENCY,21,7676,0,7676
MOHMAND AGENCY,22,8096,0,8096
MOHMAND AGENCY,23,7656,0,7656
MOHMAND AGENCY,24,6797,0,6797
MOHMAND AGENCY,25,8836,0,8836
MOHMAND AGENCY,26,6392,0,6392
MOHMAND AGENCY,27,6229,0,6229
MOHMAND AGENCY,28,6757,0,6757
MOHMAND AGENCY,29,5435,0,5435
MOHMAND AGENCY,30,7321,0,7321
MOHMAND AGENCY,31,5191,0,5191
MOHMAND AGENCY,32,4861,0,4861
MOHMAND AGENCY,33,5070,0,5070
MOHMAND AGENCY,34,3865,0,3865
MOHMAND AGENCY,35,5225,0,5225
MOHMAND AGENCY,36,3296,0,3296
MOHMAND AGENCY,37,3852,0,3852
MOHMAND AGENCY,38,4078,0,4078
MOHMAND AGENCY,39,3747,0,3747
MOHMAND AGENCY,40,5049,0,5049
MOHMAND AGENCY,41,3119,0,3119
MOHMAND AGENCY,42,2994,0,2994
MOHMAND AGENCY,43,3085,0,3085
MOHMAND AGENCY,44,2546,0,2546
MOHMAND AGENCY,45,3596,0,3596
MOHMAND AGENCY,46,2042,0,2042
MOHMAND AGENCY,47,2826,0,2826
MOHMAND AGENCY,48,2611,0,2611
MOHMAND AGENCY,49,2432,0,2432
MOHMAND AGENCY,50,3714,0,3714
MOHMAND AGENCY,51,2081,0,2081
MOHMAND AGENCY,52,2247,0,2247
MOHMAND AGENCY,53,2195,0,2195
MOHMAND AGENCY,54,1921,0,1921
MOHMAND AGENCY,55,2596,0,2596
MOHMAND AGENCY,56,1752,0,1752
MOHMAND AGENCY,57,2023,0,2023
MOHMAND AGENCY,58,1646,0,1646
MOHMAND AGENCY,59,1654,0,1654
MOHMAND AGENCY,60,2272,0,2272
MOHMAND AGENCY,61,1374,0,1374
MOHMAND AGENCY,62,1421,0,1421
MOHMAND AGENCY,63,1349,0,1349
MOHMAND AGENCY,64,1306,0,1306
MOHMAND AGENCY,65,1450,0,1450
MOHMAND AGENCY,66,887,0,887
MOHMAND AGENCY,67,1147,0,1147
MOHMAND AGENCY,68,851,0,851
MOHMAND AGENCY,69,853,0,853
MOHMAND AGENCY,70,1228,0,1228
MOHMAND AGENCY,71,625,0,625
MOHMAND AGENCY,72,671,0,671
MOHMAND AGENCY,73,677,0,677
MOHMAND AGENCY,74,624,0,624
MOHMAND AGENCY,>=75,5274,0,5274
MULTAN DISTRICT,<1,63444,42468,105912
MULTAN DISTRICT,1,73035,48714,121749
MULTAN DISTRICT,2,76219,49228,125447
MULTAN DISTRICT,3,83988,53539,137527
MULTAN DISTRICT,4,85481,50019,135500
MULTAN DISTRICT,5,83276,51677,134953
MULTAN DISTRICT,6,79801,49405,129206
MULTAN DISTRICT,7,85825,53321,139146
MULTAN DISTRICT,8,83445,47742,131187
MULTAN DISTRICT,9,80441,52446,132887
MULTAN DISTRICT,10,75057,45020,120077
MULTAN DISTRICT,11,67882,50339,118221
MULTAN DISTRICT,12,65965,43765,109730
MULTAN DISTRICT,13,59206,45367,104573
MULTAN DISTRICT,14,57757,42038,99795
MULTAN DISTRICT,15,55103,42611,97714
MULTAN DISTRICT,16,53977,42581,96558
MULTAN DISTRICT,17,50671,44300,94971
MULTAN DISTRICT,18,55055,41663,96718
MULTAN DISTRICT,19,52116,44337,96453
MULTAN DISTRICT,20,54170,40273,94443
MULTAN DISTRICT,21,47195,42903,90098
MULTAN DISTRICT,22,47774,41526,89300
MULTAN DISTRICT,23,42155,39566,81721
MULTAN DISTRICT,24,39057,38118,77175
MULTAN DISTRICT,25,45677,36661,82338
MULTAN DISTRICT,26,39470,36678,76148
MULTAN DISTRICT,27,40572,36563,77135
MULTAN DISTRICT,28,40398,36724,77122
MULTAN DISTRICT,29,42175,34802,76977
MULTAN DISTRICT,30,39990,35039,75029
MULTAN DISTRICT,31,38015,32641,70656
MULTAN DISTRICT,32,35587,33306,68893
MULTAN DISTRICT,33,32392,30587,62979
MULTAN DISTRICT,34,32611,28108,60719
MULTAN DISTRICT,35,34635,29337,63972
MULTAN DISTRICT,36,33932,26293,60225
MULTAN DISTRICT,37,34637,25206,59843
MULTAN DISTRICT,38,29624,28600,58224
MULTAN DISTRICT,39,31059,25638,56697
MULTAN DISTRICT,40,26753,27121,53874
MULTAN DISTRICT,41,27507,22379,49886
MULTAN DISTRICT,42,25992,22166,48158
MULTAN DISTRICT,43,21239,21090,42329
MULTAN DISTRICT,44,20557,18631,39188
MULTAN DISTRICT,45,20579,20333,40912
MULTAN DISTRICT,46,19862,15862,35724
MULTAN DISTRICT,47,21475,15668,37143
MULTAN DISTRICT,48,19116,17529,36645
MULTAN DISTRICT,49,20013,16839,36852
MULTAN DISTRICT,50,18880,18731,37611
MULTAN DISTRICT,51,18987,15250,34237
MULTAN DISTRICT,52,18679,15313,33992
MULTAN DISTRICT,53,15427,14828,30255
MULTAN DISTRICT,54,13958,13227,27185
MULTAN DISTRICT,55,13875,13885,27760
MULTAN DISTRICT,56,12397,10265,22662
MULTAN DISTRICT,57,12911,9258,22169
MULTAN DISTRICT,58,10456,10062,20518
MULTAN DISTRICT,59,11452,9552,21004
MULTAN DISTRICT,60,11498,10143,21641
MULTAN DISTRICT,61,11213,9061,20274
MULTAN DISTRICT,62,10984,8619,19603
MULTAN DISTRICT,63,9938,8969,18907
MULTAN DISTRICT,64,9348,7319,16667
MULTAN DISTRICT,65,8983,7550,16533
MULTAN DISTRICT,66,7954,5114,13068
MULTAN DISTRICT,67,8010,4830,12840
MULTAN DISTRICT,68,6547,4899,11446
MULTAN DISTRICT,69,6616,4458,11074
MULTAN DISTRICT,70,6417,4692,11109
MULTAN DISTRICT,71,5734,3874,9608
MULTAN DISTRICT,72,5316,3710,9026
MULTAN DISTRICT,73,4423,3607,8030
MULTAN DISTRICT,74,4078,2891,6969
MULTAN DISTRICT,>=75,31203,22046,53249
MUSAKHEL,<1,6625,530,7155
MUSAKHEL,1,5891,672,6563
MUSAKHEL,2,6788,722,7510
MUSAKHEL,3,6675,664,7339
MUSAKHEL,4,6794,699,7493
MUSAKHEL,5,6405,585,6990
MUSAKHEL,6,6484,661,7145
MUSAKHEL,7,6130,533,6663
MUSAKHEL,8,5886,608,6494
MUSAKHEL,9,5821,505,6326
MUSAKHEL,10,4879,444,5323
MUSAKHEL,11,4489,349,4838
MUSAKHEL,12,3618,334,3952
MUSAKHEL,13,3568,291,3859
MUSAKHEL,14,3038,271,3309
MUSAKHEL,15,2990,259,3249
MUSAKHEL,16,2550,220,2770
MUSAKHEL,17,2589,259,2848
MUSAKHEL,18,2497,221,2718
MUSAKHEL,19,2374,227,2601
MUSAKHEL,20,2082,184,2266
MUSAKHEL,21,2161,201,2362
MUSAKHEL,22,1883,153,2036
MUSAKHEL,23,1872,178,2050
MUSAKHEL,24,1678,164,1842
MUSAKHEL,25,1814,137,1951
MUSAKHEL,26,2035,194,2229
MUSAKHEL,27,2059,167,2226
MUSAKHEL,28,1932,200,2132
MUSAKHEL,29,1998,182,2180
MUSAKHEL,30,1628,126,1754
MUSAKHEL,31,1927,169,2096
MUSAKHEL,32,1513,159,1672
MUSAKHEL,33,1388,121,1509
MUSAKHEL,34,1258,118,1376
MUSAKHEL,35,1169,99,1268
MUSAKHEL,36,1615,119,1734
MUSAKHEL,37,1506,142,1648
MUSAKHEL,38,1364,124,1488
MUSAKHEL,39,1378,112,1490
MUSAKHEL,40,1099,78,1177
MUSAKHEL,41,1354,138,1492
MUSAKHEL,42,1088,116,1204
MUSAKHEL,43,894,82,976
MUSAKHEL,44,948,102,1050
MUSAKHEL,45,846,65,911
MUSAKHEL,46,1203,104,1307
MUSAKHEL,47,1184,91,1275
MUSAKHEL,48,819,97,916
MUSAKHEL,49,806,81,887
MUSAKHEL,50,670,48,718
MUSAKHEL,51,855,72,927
MUSAKHEL,52,631,52,683
MUSAKHEL,53,550,62,612
MUSAKHEL,54,480,62,542
MUSAKHEL,55,453,31,484
MUSAKHEL,56,605,45,650
MUSAKHEL,57,594,65,659
MUSAKHEL,58,478,44,522
MUSAKHEL,59,518,52,570
MUSAKHEL,60,437,38,475
MUSAKHEL,61,501,44,545
MUSAKHEL,62,471,26,497
MUSAKHEL,63,402,32,434
MUSAKHEL,64,458,32,490
MUSAKHEL,65,319,31,350
MUSAKHEL,66,432,51,483
MUSAKHEL,67,385,35,420
MUSAKHEL,68,333,29,362
MUSAKHEL,69,368,24,392
MUSAKHEL,70,242,18,260
MUSAKHEL,71,247,16,263
MUSAKHEL,72,198,18,216
MUSAKHEL,73,199,17,216
MUSAKHEL,74,209,9,218
MUSAKHEL,>=75,1481,125,1606
MUZAFFARGARH DISTRICT,<1,98531,16968,115499
MUZAFFARGARH DISTRICT,1,104079,18594,122673
MUZAFFARGARH DISTRICT,2,116897,19191,136088
MUZAFFARGARH DISTRICT,3,126622,20433,147055
MUZAFFARGARH DISTRICT,4,132262,20323,152585
MUZAFFARGARH DISTRICT,5,124469,20408,144877
MUZAFFARGARH DISTRICT,6,122380,19119,141499
MUZAFFARGARH DISTRICT,7,130296,20942,151238
MUZAFFARGARH DISTRICT,8,131017,19489,150506
MUZAFFARGARH DISTRICT,9,116660,19810,136470
MUZAFFARGARH DISTRICT,10,116015,17942,133957
MUZAFFARGARH DISTRICT,11,93793,18211,112004
MUZAFFARGARH DISTRICT,12,98932,16854,115786
MUZAFFARGARH DISTRICT,13,82159,16705,98864
MUZAFFARGARH DISTRICT,14,84023,15433,99456
MUZAFFARGARH DISTRICT,15,75487,15358,90845
MUZAFFARGARH DISTRICT,16,75145,14963,90108
MUZAFFARGARH DISTRICT,17,68062,15194,83256
MUZAFFARGARH DISTRICT,18,79701,14645,94346
MUZAFFARGARH DISTRICT,19,66370,14715,81085
MUZAFFARGARH DISTRICT,20,72518,13915,86433
MUZAFFARGARH DISTRICT,21,55533,13397,68930
MUZAFFARGARH DISTRICT,22,57784,12680,70464
MUZAFFARGARH DISTRICT,23,50703,12276,62979
MUZAFFARGARH DISTRICT,24,49213,11493,60706
MUZAFFARGARH DISTRICT,25,58332,11697,70029
MUZAFFARGARH DISTRICT,26,47989,11234,59223
MUZAFFARGARH DISTRICT,27,49059,11255,60314
MUZAFFARGARH DISTRICT,28,50084,11077,61161
MUZAFFARGARH DISTRICT,29,50523,11062,61585
MUZAFFARGARH DISTRICT,30,50389,10272,60661
MUZAFFARGARH DISTRICT,31,47722,10203,57925
MUZAFFARGARH DISTRICT,32,45010,9854,54864
MUZAFFARGARH DISTRICT,33,40416,8990,49406
MUZAFFARGARH DISTRICT,34,40819,8786,49605
MUZAFFARGARH DISTRICT,35,43529,8482,52011
MUZAFFARGARH DISTRICT,36,43432,9092,52524
MUZAFFARGARH DISTRICT,37,44076,8219,52295
MUZAFFARGARH DISTRICT,38,36071,8400,44471
MUZAFFARGARH DISTRICT,39,37780,7612,45392
MUZAFFARGARH DISTRICT,40,32251,7032,39283
MUZAFFARGARH DISTRICT,41,32596,7228,39824
MUZAFFARGARH DISTRICT,42,30980,6560,37540
MUZAFFARGARH DISTRICT,43,24784,6048,30832
MUZAFFARGARH DISTRICT,44,23496,5822,29318
MUZAFFARGARH DISTRICT,45,24387,5416,29803
MUZAFFARGARH DISTRICT,46,23563,5567,29130
MUZAFFARGARH DISTRICT,47,25262,5137,30399
MUZAFFARGARH DISTRICT,48,22596,5374,27970
MUZAFFARGARH DISTRICT,49,22899,5273,28172
MUZAFFARGARH DISTRICT,50,22255,5076,27331
MUZAFFARGARH DISTRICT,51,21321,5074,26395
MUZAFFARGARH DISTRICT,52,20883,4557,25440
MUZAFFARGARH DISTRICT,53,18035,4489,22524
MUZAFFARGARH DISTRICT,54,16732,4134,20866
MUZAFFARGARH DISTRICT,55,15561,3630,19191
MUZAFFARGARH DISTRICT,56,13944,3295,17239
MUZAFFARGARH DISTRICT,57,14075,2809,16884
MUZAFFARGARH DISTRICT,58,11964,2896,14860
MUZAFFARGARH DISTRICT,59,12623,2790,15413
MUZAFFARGARH DISTRICT,60,13819,2785,16604
MUZAFFARGARH DISTRICT,61,12768,2698,15466
MUZAFFARGARH DISTRICT,62,12864,2644,15508
MUZAFFARGARH DISTRICT,63,11740,2593,14333
MUZAFFARGARH DISTRICT,64,11538,2301,13839
MUZAFFARGARH DISTRICT,65,11294,2066,13360
MUZAFFARGARH DISTRICT,66,9512,1770,11282
MUZAFFARGARH DISTRICT,67,9908,1694,11602
MUZAFFARGARH DISTRICT,68,8488,1667,10155
MUZAFFARGARH DISTRICT,69,8184,1438,9622
MUZAFFARGARH DISTRICT,70,8563,1402,9965
MUZAFFARGARH DISTRICT,71,7410,1329,8739
MUZAFFARGARH DISTRICT,72,6817,1274,8091
MUZAFFARGARH DISTRICT,73,6035,1186,7221
MUZAFFARGARH DISTRICT,74,5157,952,6109
MUZAFFARGARH DISTRICT,>=75,41952,7112,49064
NANKANA SAHIB DISTRICT,<1,25426,5397,30823
NANKANA SAHIB DISTRICT,1,28056,5833,33889
NANKANA SAHIB DISTRICT,2,29002,5734,34736
NANKANA SAHIB DISTRICT,3,30961,6216,37177
NANKANA SAHIB DISTRICT,4,30535,5917,36452
NANKANA SAHIB DISTRICT,5,29842,6124,35966
NANKANA SAHIB DISTRICT,6,29884,5925,35809
NANKANA SAHIB DISTRICT,7,31185,6483,37668
NANKANA SAHIB DISTRICT,8,29765,5719,35484
NANKANA SAHIB DISTRICT,9,29097,6285,35382
NANKANA SAHIB DISTRICT,10,27769,5355,33124
NANKANA SAHIB DISTRICT,11,26640,6102,32742
NANKANA SAHIB DISTRICT,12,25271,5031,30302
NANKANA SAHIB DISTRICT,13,24106,5596,29702
NANKANA SAHIB DISTRICT,14,24112,5090,29202
NANKANA SAHIB DISTRICT,15,23060,5121,28181
NANKANA SAHIB DISTRICT,16,24145,5172,29317
NANKANA SAHIB DISTRICT,17,22927,5481,28408
NANKANA SAHIB DISTRICT,18,22447,4478,26925
NANKANA SAHIB DISTRICT,19,22229,5316,27545
NANKANA SAHIB DISTRICT,20,22348,4591,26939
NANKANA SAHIB DISTRICT,21,20528,5250,25778
NANKANA SAHIB DISTRICT,22,21006,4729,25735
NANKANA SAHIB DISTRICT,23,18767,4697,23464
NANKANA SAHIB DISTRICT,24,17891,4461,22352
NANKANA SAHIB DISTRICT,25,18960,3940,22900
NANKANA SAHIB DISTRICT,26,17032,4325,21357
NANKANA SAHIB DISTRICT,27,15951,4321,20272
NANKANA SAHIB DISTRICT,28,17023,4016,21039
NANKANA SAHIB DISTRICT,29,15612,4086,19698
NANKANA SAHIB DISTRICT,30,18037,3793,21830
NANKANA SAHIB DISTRICT,31,14455,3605,18060
NANKANA SAHIB DISTRICT,32,15436,3734,19170
NANKANA SAHIB DISTRICT,33,13693,3527,17220
NANKANA SAHIB DISTRICT,34,12945,3182,16127
NANKANA SAHIB DISTRICT,35,15480,3215,18695
NANKANA SAHIB DISTRICT,36,12614,3059,15673
NANKANA SAHIB DISTRICT,37,12970,3206,16176
NANKANA SAHIB DISTRICT,38,13073,3236,16309
NANKANA SAHIB DISTRICT,39,13456,3035,16491
NANKANA SAHIB DISTRICT,40,13431,2930,16361
NANKANA SAHIB DISTRICT,41,11371,2696,14067
NANKANA SAHIB DISTRICT,42,10993,2739,13732
NANKANA SAHIB DISTRICT,43,9694,2468,12162
NANKANA SAHIB DISTRICT,44,8791,2251,11042
NANKANA SAHIB DISTRICT,45,10263,2245,12508
NANKANA SAHIB DISTRICT,46,8009,2023,10032
NANKANA SAHIB DISTRICT,47,8778,2140,10918
NANKANA SAHIB DISTRICT,48,8762,2103,10865
NANKANA SAHIB DISTRICT,49,8910,2208,11118
NANKANA SAHIB DISTRICT,50,10078,2026,12104
NANKANA SAHIB DISTRICT,51,8252,2121,10373
NANKANA SAHIB DISTRICT,52,8438,2008,10446
NANKANA SAHIB DISTRICT,53,7403,1928,9331
NANKANA SAHIB DISTRICT,54,6965,1727,8692
NANKANA SAHIB DISTRICT,55,7458,1654,9112
NANKANA SAHIB DISTRICT,56,5749,1353,7102
NANKANA SAHIB DISTRICT,57,5660,1172,6832
NANKANA SAHIB DISTRICT,58,5214,1214,6428
NANKANA SAHIB DISTRICT,59,5203,1221,6424
NANKANA SAHIB DISTRICT,60,6329,1202,7531
NANKANA SAHIB DISTRICT,61,4717,1128,5845
NANKANA SAHIB DISTRICT,62,5053,1032,6085
NANKANA SAHIB DISTRICT,63,4447,1031,5478
NANKANA SAHIB DISTRICT,64,4201,791,4992
NANKANA SAHIB DISTRICT,65,4857,814,5671
NANKANA SAHIB DISTRICT,66,2966,647,3613
NANKANA SAHIB DISTRICT,67,3206,574,3780
NANKANA SAHIB DISTRICT,68,3154,626,3780
NANKANA SAHIB DISTRICT,69,3288,543,3831
NANKANA SAHIB DISTRICT,70,4302,645,4947
NANKANA SAHIB DISTRICT,71,2783,573,3356
NANKANA SAHIB DISTRICT,72,3018,507,3525
NANKANA SAHIB DISTRICT,73,2586,468,3054
NANKANA SAHIB DISTRICT,74,2510,387,2897
NANKANA SAHIB DISTRICT,>=75,19287,3546,22833
NAROWAL DISTRICT,<1,40099,6128,46227
NAROWAL DISTRICT,1,40564,5965,46529
NAROWAL DISTRICT,2,38602,5964,44566
NAROWAL DISTRICT,3,40682,6508,47190
NAROWAL DISTRICT,4,40257,6255,46512
NAROWAL DISTRICT,5,40175,6291,46466
NAROWAL DISTRICT,6,39745,6348,46093
NAROWAL DISTRICT,7,41024,6846,47870
NAROWAL DISTRICT,8,37870,6269,44139
NAROWAL DISTRICT,9,39427,6857,46284
NAROWAL DISTRICT,10,35624,6077,41701
NAROWAL DISTRICT,11,39572,6981,46553
NAROWAL DISTRICT,12,34459,6039,40498
NAROWAL DISTRICT,13,36494,6600,43094
NAROWAL DISTRICT,14,34399,6174,40573
NAROWAL DISTRICT,15,33714,6063,39777
NAROWAL DISTRICT,16,34394,6271,40665
NAROWAL DISTRICT,17,33250,6261,39511
NAROWAL DISTRICT,18,30173,5243,35416
NAROWAL DISTRICT,19,31743,5659,37402
NAROWAL DISTRICT,20,27696,4700,32396
NAROWAL DISTRICT,21,29385,5411,34796
NAROWAL DISTRICT,22,26655,4801,31456
NAROWAL DISTRICT,23,25331,4729,30060
NAROWAL DISTRICT,24,23889,4589,28478
NAROWAL DISTRICT,25,21244,3818,25062
NAROWAL DISTRICT,26,22054,4373,26427
NAROWAL DISTRICT,27,19108,3775,22883
NAROWAL DISTRICT,28,20446,3908,24354
NAROWAL DISTRICT,29,17886,3500,21386
NAROWAL DISTRICT,30,19867,3739,23606
NAROWAL DISTRICT,31,17702,3371,21073
NAROWAL DISTRICT,32,17955,3607,21562
NAROWAL DISTRICT,33,16929,3276,20205
NAROWAL DISTRICT,34,16303,3081,19384
NAROWAL DISTRICT,35,16014,3205,19219
NAROWAL DISTRICT,36,16027,3121,19148
NAROWAL DISTRICT,37,13696,2571,16267
NAROWAL DISTRICT,38,15505,3323,18828
NAROWAL DISTRICT,39,14114,2762,16876
NAROWAL DISTRICT,40,14235,3105,17340
NAROWAL DISTRICT,41,13320,2637,15957
NAROWAL DISTRICT,42,12026,2572,14598
NAROWAL DISTRICT,43,11502,2556,14058
NAROWAL DISTRICT,44,11468,2296,13764
NAROWAL DISTRICT,45,11026,2511,13537
NAROWAL DISTRICT,46,11245,2200,13445
NAROWAL DISTRICT,47,9937,1906,11843
NAROWAL DISTRICT,48,11243,2344,13587
NAROWAL DISTRICT,49,10617,2057,12674
NAROWAL DISTRICT,50,10847,2364,13211
NAROWAL DISTRICT,51,10904,2002,12906
NAROWAL DISTRICT,52,10348,1917,12265
NAROWAL DISTRICT,53,9732,1917,11649
NAROWAL DISTRICT,54,8942,1810,10752
NAROWAL DISTRICT,55,8240,1740,9980
NAROWAL DISTRICT,56,8076,1417,9493
NAROWAL DISTRICT,57,6631,994,7625
NAROWAL DISTRICT,58,7278,1255,8533
NAROWAL DISTRICT,59,6542,1144,7686
NAROWAL DISTRICT,60,7029,1279,8308
NAROWAL DISTRICT,61,6517,1063,7580
NAROWAL DISTRICT,62,6194,1014,7208
NAROWAL DISTRICT,63,6121,1071,7192
NAROWAL DISTRICT,64,5668,916,6584
NAROWAL DISTRICT,65,6026,929,6955
NAROWAL DISTRICT,66,5191,714,5905
NAROWAL DISTRICT,67,4128,533,4661
NAROWAL DISTRICT,68,4851,713,5564
NAROWAL DISTRICT,69,4660,570,5230
NAROWAL DISTRICT,70,5345,768,6113
NAROWAL DISTRICT,71,4483,588,5071
NAROWAL DISTRICT,72,4195,590,4785
NAROWAL DISTRICT,73,3857,507,4364
NAROWAL DISTRICT,74,3627,456,4083
NAROWAL DISTRICT,>=75,28794,3743,32537
NASIRABAD DISTRICT,<1,10661,2724,13385
NASIRABAD DISTRICT,1,14823,3468,18291
NASIRABAD DISTRICT,2,16978,3633,20611
NASIRABAD DISTRICT,3,17337,3981,21318
NASIRABAD DISTRICT,4,18140,3779,21919
NASIRABAD DISTRICT,5,16371,3923,20294
NASIRABAD DISTRICT,6,17010,3336,20346
NASIRABAD DISTRICT,7,15924,3778,19702
NASIRABAD DISTRICT,8,16988,3379,20367
NASIRABAD DISTRICT,9,12833,3129,15962
NASIRABAD DISTRICT,10,14215,2903,17118
NASIRABAD DISTRICT,11,8983,2526,11509
NASIRABAD DISTRICT,12,10159,2461,12620
NASIRABAD DISTRICT,13,7164,2192,9356
NASIRABAD DISTRICT,14,7562,2191,9753
NASIRABAD DISTRICT,15,6716,2048,8764
NASIRABAD DISTRICT,16,6913,1913,8826
NASIRABAD DISTRICT,17,5351,1847,7198
NASIRABAD DISTRICT,18,7955,1941,9896
NASIRABAD DISTRICT,19,5986,1786,7772
NASIRABAD DISTRICT,20,6925,1473,8398
NASIRABAD DISTRICT,21,5142,1489,6631
NASIRABAD DISTRICT,22,4480,1268,5748
NASIRABAD DISTRICT,23,4175,1254,5429
NASIRABAD DISTRICT,24,3858,1074,4932
NASIRABAD DISTRICT,25,5712,1266,6978
NASIRABAD DISTRICT,26,3779,1228,5007
NASIRABAD DISTRICT,27,5156,1655,6811
NASIRABAD DISTRICT,28,4560,1274,5834
NASIRABAD DISTRICT,29,5389,1547,6936
NASIRABAD DISTRICT,30,5552,1079,6631
NASIRABAD DISTRICT,31,4708,1301,6009
NASIRABAD DISTRICT,32,4819,1268,6087
NASIRABAD DISTRICT,33,4326,1099,5425
NASIRABAD DISTRICT,34,3918,1004,4922
NASIRABAD DISTRICT,35,4781,1020,5801
NASIRABAD DISTRICT,36,3742,933,4675
NASIRABAD DISTRICT,37,5783,1406,7189
NASIRABAD DISTRICT,38,3698,827,4525
NASIRABAD DISTRICT,39,4407,1108,5515
NASIRABAD DISTRICT,40,3745,746,4491
NASIRABAD DISTRICT,41,2945,791,3736
NASIRABAD DISTRICT,42,2923,780,3703
NASIRABAD DISTRICT,43,2507,586,3093
NASIRABAD DISTRICT,44,2256,626,2882
NASIRABAD DISTRICT,45,2599,574,3173
NASIRABAD DISTRICT,46,1881,598,2479
NASIRABAD DISTRICT,47,2789,800,3589
NASIRABAD DISTRICT,48,2008,602,2610
NASIRABAD DISTRICT,49,2301,687,2988
NASIRABAD DISTRICT,50,2338,494,2832
NASIRABAD DISTRICT,51,1827,538,2365
NASIRABAD DISTRICT,52,1995,531,2526
NASIRABAD DISTRICT,53,1583,387,1970
NASIRABAD DISTRICT,54,1449,405,1854
NASIRABAD DISTRICT,55,1448,319,1767
NASIRABAD DISTRICT,56,1175,314,1489
NASIRABAD DISTRICT,57,1918,479,2397
NASIRABAD DISTRICT,58,1154,268,1422
NASIRABAD DISTRICT,59,1315,329,1644
NASIRABAD DISTRICT,60,1321,248,1569
NASIRABAD DISTRICT,61,1055,307,1362
NASIRABAD DISTRICT,62,1278,286,1564
NASIRABAD DISTRICT,63,1048,260,1308
NASIRABAD DISTRICT,64,999,217,1216
NASIRABAD DISTRICT,65,962,182,1144
NASIRABAD DISTRICT,66,795,271,1066
NASIRABAD DISTRICT,67,1022,220,1242
NASIRABAD DISTRICT,68,689,170,859
NASIRABAD DISTRICT,69,723,183,906
NASIRABAD DISTRICT,70,746,135,881
NASIRABAD DISTRICT,71,648,166,814
NASIRABAD DISTRICT,72,548,114,662
NASIRABAD DISTRICT,73,445,120,565
NASIRABAD DISTRICT,74,458,117,575
NASIRABAD DISTRICT,>=75,3659,955,4614
NAUSHAHRO FEROZE DISTRICT,<1,25119,7466,32585
NAUSHAHRO FEROZE DISTRICT,1,33508,9556,43064
NAUSHAHRO FEROZE DISTRICT,2,39499,10324,49823
NAUSHAHRO FEROZE DISTRICT,3,45124,12070,57194
NAUSHAHRO FEROZE DISTRICT,4,46560,11803,58363
NAUSHAHRO FEROZE DISTRICT,5,47051,12623,59674
NAUSHAHRO FEROZE DISTRICT,6,42046,11025,53071
NAUSHAHRO FEROZE DISTRICT,7,38518,11253,49771
NAUSHAHRO FEROZE DISTRICT,8,42075,10905,52980
NAUSHAHRO FEROZE DISTRICT,9,33742,10106,43848
NAUSHAHRO FEROZE DISTRICT,10,36839,10018,46857
NAUSHAHRO FEROZE DISTRICT,11,27111,8837,35948
NAUSHAHRO FEROZE DISTRICT,12,30609,9220,39829
NAUSHAHRO FEROZE DISTRICT,13,25415,8566,33981
NAUSHAHRO FEROZE DISTRICT,14,26747,8458,35205
NAUSHAHRO FEROZE DISTRICT,15,28098,9208,37306
NAUSHAHRO FEROZE DISTRICT,16,26903,8877,35780
NAUSHAHRO FEROZE DISTRICT,17,25557,9045,34602
NAUSHAHRO FEROZE DISTRICT,18,28986,8977,37963
NAUSHAHRO FEROZE DISTRICT,19,23509,8346,31855
NAUSHAHRO FEROZE DISTRICT,20,25916,8167,34083
NAUSHAHRO FEROZE DISTRICT,21,19227,7070,26297
NAUSHAHRO FEROZE DISTRICT,22,21004,7312,28316
NAUSHAHRO FEROZE DISTRICT,23,18204,6580,24784
NAUSHAHRO FEROZE DISTRICT,24,16990,6106,23096
NAUSHAHRO FEROZE DISTRICT,25,21628,6898,28526
NAUSHAHRO FEROZE DISTRICT,26,17425,5852,23277
NAUSHAHRO FEROZE DISTRICT,27,17884,6084,23968
NAUSHAHRO FEROZE DISTRICT,28,19467,6355,25822
NAUSHAHRO FEROZE DISTRICT,29,18079,5630,23709
NAUSHAHRO FEROZE DISTRICT,30,19526,6357,25883
NAUSHAHRO FEROZE DISTRICT,31,16685,5252,21937
NAUSHAHRO FEROZE DISTRICT,32,16626,5402,22028
NAUSHAHRO FEROZE DISTRICT,33,14369,4890,19259
NAUSHAHRO FEROZE DISTRICT,34,12580,4158,16738
NAUSHAHRO FEROZE DISTRICT,35,15599,5162,20761
NAUSHAHRO FEROZE DISTRICT,36,12240,3824,16064
NAUSHAHRO FEROZE DISTRICT,37,13565,4145,17710
NAUSHAHRO FEROZE DISTRICT,38,12410,4347,16757
NAUSHAHRO FEROZE DISTRICT,39,12150,3849,15999
NAUSHAHRO FEROZE DISTRICT,40,13491,4623,18114
NAUSHAHRO FEROZE DISTRICT,41,10023,3541,13564
NAUSHAHRO FEROZE DISTRICT,42,10609,3608,14217
NAUSHAHRO FEROZE DISTRICT,43,9104,3346,12450
NAUSHAHRO FEROZE DISTRICT,44,8982,3050,12032
NAUSHAHRO FEROZE DISTRICT,45,10513,3465,13978
NAUSHAHRO FEROZE DISTRICT,46,8713,2775,11488
NAUSHAHRO FEROZE DISTRICT,47,10258,2945,13203
NAUSHAHRO FEROZE DISTRICT,48,8939,2847,11786
NAUSHAHRO FEROZE DISTRICT,49,8466,2749,11215
NAUSHAHRO FEROZE DISTRICT,50,9088,3045,12133
NAUSHAHRO FEROZE DISTRICT,51,7359,2245,9604
NAUSHAHRO FEROZE DISTRICT,52,6838,2233,9071
NAUSHAHRO FEROZE DISTRICT,53,6049,2014,8063
NAUSHAHRO FEROZE DISTRICT,54,5256,1883,7139
NAUSHAHRO FEROZE DISTRICT,55,6312,2199,8511
NAUSHAHRO FEROZE DISTRICT,56,4513,1397,5910
NAUSHAHRO FEROZE DISTRICT,57,4791,1457,6248
NAUSHAHRO FEROZE DISTRICT,58,4297,1375,5672
NAUSHAHRO FEROZE DISTRICT,59,4526,1399,5925
NAUSHAHRO FEROZE DISTRICT,60,5410,1599,7009
NAUSHAHRO FEROZE DISTRICT,61,4440,1304,5744
NAUSHAHRO FEROZE DISTRICT,62,4353,1232,5585
NAUSHAHRO FEROZE DISTRICT,63,4367,1248,5615
NAUSHAHRO FEROZE DISTRICT,64,3758,1058,4816
NAUSHAHRO FEROZE DISTRICT,65,3966,1170,5136
NAUSHAHRO FEROZE DISTRICT,66,3283,861,4144
NAUSHAHRO FEROZE DISTRICT,67,2981,715,3696
NAUSHAHRO FEROZE DISTRICT,68,2652,764,3416
NAUSHAHRO FEROZE DISTRICT,69,2537,647,3184
NAUSHAHRO FEROZE DISTRICT,70,2716,761,3477
NAUSHAHRO FEROZE DISTRICT,71,2283,598,2881
NAUSHAHRO FEROZE DISTRICT,72,1751,511,2262
NAUSHAHRO FEROZE DISTRICT,73,1756,505,2261
NAUSHAHRO FEROZE DISTRICT,74,1449,410,1859
NAUSHAHRO FEROZE DISTRICT,>=75,12395,3531,15926
NORTH WAZIRISTAN AGENCY,<1,16352,37,16389
NORTH WAZIRISTAN AGENCY,1,17741,58,17799
NORTH WAZIRISTAN AGENCY,2,21018,60,21078
NORTH WAZIRISTAN AGENCY,3,21822,64,21886
NORTH WAZIRISTAN AGENCY,4,22075,64,22139
NORTH WAZIRISTAN AGENCY,5,20943,66,21009
NORTH WAZIRISTAN AGENCY,6,21211,70,21281
NORTH WAZIRISTAN AGENCY,7,19615,83,19698
NORTH WAZIRISTAN AGENCY,8,20811,68,20879
NORTH WAZIRISTAN AGENCY,9,17228,74,17302
NORTH WAZIRISTAN AGENCY,10,17089,54,17143
NORTH WAZIRISTAN AGENCY,11,14062,74,14136
NORTH WAZIRISTAN AGENCY,12,13765,70,13835
NORTH WAZIRISTAN AGENCY,13,12032,77,12109
NORTH WAZIRISTAN AGENCY,14,11040,70,11110
NORTH WAZIRISTAN AGENCY,15,10557,69,10626
NORTH WAZIRISTAN AGENCY,16,9192,60,9252
NORTH WAZIRISTAN AGENCY,17,8689,54,8743
NORTH WAZIRISTAN AGENCY,18,10139,53,10192
NORTH WAZIRISTAN AGENCY,19,9804,67,9871
NORTH WAZIRISTAN AGENCY,20,11431,87,11518
NORTH WAZIRISTAN AGENCY,21,11153,122,11275
NORTH WAZIRISTAN AGENCY,22,9409,110,9519
NORTH WAZIRISTAN AGENCY,23,9002,146,9148
NORTH WAZIRISTAN AGENCY,24,8107,131,8238
NORTH WAZIRISTAN AGENCY,25,10259,133,10392
NORTH WAZIRISTAN AGENCY,26,8374,178,8552
NORTH WAZIRISTAN AGENCY,27,9646,173,9819
NORTH WAZIRISTAN AGENCY,28,7770,156,7926
NORTH WAZIRISTAN AGENCY,29,7987,218,8205
NORTH WAZIRISTAN AGENCY,30,7857,171,8028
NORTH WAZIRISTAN AGENCY,31,6800,168,6968
NORTH WAZIRISTAN AGENCY,32,5835,116,5951
NORTH WAZIRISTAN AGENCY,33,5920,136,6056
NORTH WAZIRISTAN AGENCY,34,4629,121,4750
NORTH WAZIRISTAN AGENCY,35,5199,84,5283
NORTH WAZIRISTAN AGENCY,36,4158,93,4251
NORTH WAZIRISTAN AGENCY,37,4780,77,4857
NORTH WAZIRISTAN AGENCY,38,4428,75,4503
NORTH WAZIRISTAN AGENCY,39,4231,91,4322
NORTH WAZIRISTAN AGENCY,40,5158,43,5201
NORTH WAZIRISTAN AGENCY,41,3825,50,3875
NORTH WAZIRISTAN AGENCY,42,3302,43,3345
NORTH WAZIRISTAN AGENCY,43,3295,52,3347
NORTH WAZIRISTAN AGENCY,44,2711,31,2742
NORTH WAZIRISTAN AGENCY,45,3420,36,3456
NORTH WAZIRISTAN AGENCY,46,2321,27,2348
NORTH WAZIRISTAN AGENCY,47,2897,26,2923
NORTH WAZIRISTAN AGENCY,48,2351,19,2370
NORTH WAZIRISTAN AGENCY,49,2540,18,2558
NORTH WAZIRISTAN AGENCY,50,3443,18,3461
NORTH WAZIRISTAN AGENCY,51,2412,12,2424
NORTH WAZIRISTAN AGENCY,52,2197,10,2207
NORTH WAZIRISTAN AGENCY,53,2213,8,2221
NORTH WAZIRISTAN AGENCY,54,2012,11,2023
NORTH WAZIRISTAN AGENCY,55,2438,12,2450
NORTH WAZIRISTAN AGENCY,56,1796,3,1799
NORTH WAZIRISTAN AGENCY,57,2221,9,2230
NORTH WAZIRISTAN AGENCY,58,1561,8,1569
NORTH WAZIRISTAN AGENCY,59,1671,2,1673
NORTH WAZIRISTAN AGENCY,60,2170,4,2174
NORTH WAZIRISTAN AGENCY,61,1639,4,1643
NORTH WAZIRISTAN AGENCY,62,1800,3,1803
NORTH WAZIRISTAN AGENCY,63,1516,0,1516
NORTH WAZIRISTAN AGENCY,64,1336,1,1337
NORTH WAZIRISTAN AGENCY,65,1259,6,1265
NORTH WAZIRISTAN AGENCY,66,1036,2,1038
NORTH WAZIRISTAN AGENCY,67,1212,1,1213
NORTH WAZIRISTAN AGENCY,68,771,0,771
NORTH WAZIRISTAN AGENCY,69,755,2,757
NORTH WAZIRISTAN AGENCY,70,802,2,804
NORTH WAZIRISTAN AGENCY,71,661,2,663
NORTH WAZIRISTAN AGENCY,72,568,2,570
NORTH WAZIRISTAN AGENCY,73,476,0,476
NORTH WAZIRISTAN AGENCY,74,415,1,416
NORTH WAZIRISTAN AGENCY,>=75,3822,18,3840
NOWSHERA DISTRICT,<1,32822,8296,41118
NOWSHERA DISTRICT,1,33807,8388,42195
NOWSHERA DISTRICT,2,35289,8718,44007
NOWSHERA DISTRICT,3,37508,9550,47058
NOWSHERA DISTRICT,4,36712,8989,45701
NOWSHERA DISTRICT,5,36519,9328,45847
NOWSHERA DISTRICT,6,35449,8883,44332
NOWSHERA DISTRICT,7,36465,9196,45661
NOWSHERA DISTRICT,8,34095,8411,42506
NOWSHERA DISTRICT,9,34528,8867,43395
NOWSHERA DISTRICT,10,30783,7751,38534
NOWSHERA DISTRICT,11,31291,8411,39702
NOWSHERA DISTRICT,12,28117,7507,35624
NOWSHERA DISTRICT,13,29328,7867,37195
NOWSHERA DISTRICT,14,27556,7329,34885
NOWSHERA DISTRICT,15,27201,7359,34560
NOWSHERA DISTRICT,16,26076,7120,33196
NOWSHERA DISTRICT,17,26958,7315,34273
NOWSHERA DISTRICT,18,24225,6924,31149
NOWSHERA DISTRICT,19,24075,7654,31729
NOWSHERA DISTRICT,20,22995,7289,30284
NOWSHERA DISTRICT,21,22472,8510,30982
NOWSHERA DISTRICT,22,20157,7345,27502
NOWSHERA DISTRICT,23,20169,7238,27407
NOWSHERA DISTRICT,24,19617,6377,25994
NOWSHERA DISTRICT,25,19232,6001,25233
NOWSHERA DISTRICT,26,20140,6344,26484
NOWSHERA DISTRICT,27,20074,6563,26637
NOWSHERA DISTRICT,28,17734,5829,23563
NOWSHERA DISTRICT,29,17952,5955,23907
NOWSHERA DISTRICT,30,16814,5578,22392
NOWSHERA DISTRICT,31,17006,5698,22704
NOWSHERA DISTRICT,32,14642,4940,19582
NOWSHERA DISTRICT,33,14695,5053,19748
NOWSHERA DISTRICT,34,13885,4677,18562
NOWSHERA DISTRICT,35,12251,4039,16290
NOWSHERA DISTRICT,36,12278,4237,16515
NOWSHERA DISTRICT,37,11726,3809,15535
NOWSHERA DISTRICT,38,11633,4168,15801
NOWSHERA DISTRICT,39,12092,3996,16088
NOWSHERA DISTRICT,40,11160,3731,14891
NOWSHERA DISTRICT,41,11401,3527,14928
NOWSHERA DISTRICT,42,9830,3161,12991
NOWSHERA DISTRICT,43,9840,3192,13032
NOWSHERA DISTRICT,44,9281,2909,12190
NOWSHERA DISTRICT,45,7848,2462,10310
NOWSHERA DISTRICT,46,8757,2570,11327
NOWSHERA DISTRICT,47,7913,2348,10261
NOWSHERA DISTRICT,48,7940,2452,10392
NOWSHERA DISTRICT,49,7918,2355,10273
NOWSHERA DISTRICT,50,7700,2193,9893
NOWSHERA DISTRICT,51,7604,2150,9754
NOWSHERA DISTRICT,52,6672,1965,8637
NOWSHERA DISTRICT,53,6416,1957,8373
NOWSHERA DISTRICT,54,5975,1765,7740
NOWSHERA DISTRICT,55,5279,1554,6833
NOWSHERA DISTRICT,56,5498,1522,7020
NOWSHERA DISTRICT,57,5185,1299,6484
NOWSHERA DISTRICT,58,5581,1472,7053
NOWSHERA DISTRICT,59,5559,1397,6956
NOWSHERA DISTRICT,60,5098,1354,6452
NOWSHERA DISTRICT,61,4975,1412,6387
NOWSHERA DISTRICT,62,4384,1277,5661
NOWSHERA DISTRICT,63,4473,1186,5659
NOWSHERA DISTRICT,64,4457,1140,5597
NOWSHERA DISTRICT,65,3277,868,4145
NOWSHERA DISTRICT,66,3220,872,4092
NOWSHERA DISTRICT,67,3033,833,3866
NOWSHERA DISTRICT,68,2872,746,3618
NOWSHERA DISTRICT,69,2929,661,3590
NOWSHERA DISTRICT,70,2346,589,2935
NOWSHERA DISTRICT,71,2227,600,2827
NOWSHERA DISTRICT,72,2058,584,2642
NOWSHERA DISTRICT,73,1880,497,2377
NOWSHERA DISTRICT,74,1814,407,2221
NOWSHERA DISTRICT,>=75,12692,3019,15711
NUSHKI,<1,3366,1129,4495
NUSHKI,1,4702,1465,6167
NUSHKI,2,4925,1520,6445
NUSHKI,3,4848,1517,6365
NUSHKI,4,4720,1455,6175
NUSHKI,5,4395,1407,5802
NUSHKI,6,4238,1446,5684
NUSHKI,7,4586,1503,6089
NUSHKI,8,4291,1402,5693
NUSHKI,9,4158,1405,5563
NUSHKI,10,3921,1228,5149
NUSHKI,11,3612,1376,4988
NUSHKI,12,3363,1168,4531
NUSHKI,13,3235,1228,4463
NUSHKI,14,3166,1147,4313
NUSHKI,15,2969,1081,4050
NUSHKI,16,2792,1075,3867
NUSHKI,17,2563,1055,3618
NUSHKI,18,2950,931,3881
NUSHKI,19,2725,1070,3795
NUSHKI,20,2558,903,3461
NUSHKI,21,2479,943,3422
NUSHKI,22,2187,718,2905
NUSHKI,23,2085,841,2926
NUSHKI,24,2033,795,2828
NUSHKI,25,2136,841,2977
NUSHKI,26,1965,894,2859
NUSHKI,27,2298,788,3086
NUSHKI,28,2146,769,2915
NUSHKI,29,1986,777,2763
NUSHKI,30,1735,691,2426
NUSHKI,31,1795,710,2505
NUSHKI,32,1463,544,2007
NUSHKI,33,1559,571,2130
NUSHKI,34,1511,576,2087
NUSHKI,35,1453,502,1955
NUSHKI,36,1267,510,1777
NUSHKI,37,1543,418,1961
NUSHKI,38,1262,468,1730
NUSHKI,39,1240,462,1702
NUSHKI,40,1013,412,1425
NUSHKI,41,1052,384,1436
NUSHKI,42,835,275,1110
NUSHKI,43,881,347,1228
NUSHKI,44,802,282,1084
NUSHKI,45,780,339,1119
NUSHKI,46,731,301,1032
NUSHKI,47,910,246,1156
NUSHKI,48,787,320,1107
NUSHKI,49,915,301,1216
NUSHKI,50,730,311,1041
NUSHKI,51,792,242,1034
NUSHKI,52,625,190,815
NUSHKI,53,653,246,899
NUSHKI,54,571,194,765
NUSHKI,55,462,180,642
NUSHKI,56,438,186,624
NUSHKI,57,486,147,633
NUSHKI,58,470,162,632
NUSHKI,59,536,162,698
NUSHKI,60,388,142,530
NUSHKI,61,490,171,661
NUSHKI,62,466,118,584
NUSHKI,63,373,137,510
NUSHKI,64,437,105,542
NUSHKI,65,250,112,362
NUSHKI,66,337,121,458
NUSHKI,67,362,82,444
NUSHKI,68,233,92,325
NUSHKI,69,268,86,354
NUSHKI,70,228,77,305
NUSHKI,71,250,93,343
NUSHKI,72,245,53,298
NUSHKI,73,154,61,215
NUSHKI,74,165,41,206
NUSHKI,>=75,1210,349,1559
OKARA DISTRICT,<1,53852,17694,71546
OKARA DISTRICT,1,58586,21143,79729
OKARA DISTRICT,2,60971,20689,81660
OKARA DISTRICT,3,65900,22606,88506
OKARA DISTRICT,4,65705,21411,87116
OKARA DISTRICT,5,63216,21830,85046
OKARA DISTRICT,6,61342,21044,82386
OKARA DISTRICT,7,65998,22586,88584
OKARA DISTRICT,8,63841,20613,84454
OKARA DISTRICT,9,59826,21768,81594
OKARA DISTRICT,10,57867,19444,77311
OKARA DISTRICT,11,52686,20565,73251
OKARA DISTRICT,12,51380,18419,69799
OKARA DISTRICT,13,46716,18541,65257
OKARA DISTRICT,14,46524,17380,63904
OKARA DISTRICT,15,44799,17445,62244
OKARA DISTRICT,16,44939,17182,62121
OKARA DISTRICT,17,42838,17541,60379
OKARA DISTRICT,18,44732,15982,60714
OKARA DISTRICT,19,42108,17295,59403
OKARA DISTRICT,20,44192,15838,60030
OKARA DISTRICT,21,39665,16949,56614
OKARA DISTRICT,22,40379,16616,56995
OKARA DISTRICT,23,35342,16018,51360
OKARA DISTRICT,24,33466,15505,48971
OKARA DISTRICT,25,38230,14917,53147
OKARA DISTRICT,26,31796,15392,47188
OKARA DISTRICT,27,31440,15218,46658
OKARA DISTRICT,28,31060,14493,45553
OKARA DISTRICT,29,30903,14053,44956
OKARA DISTRICT,30,33049,14217,47266
OKARA DISTRICT,31,28738,12605,41343
OKARA DISTRICT,32,27790,13209,40999
OKARA DISTRICT,33,26275,12419,38694
OKARA DISTRICT,34,25159,11197,36356
OKARA DISTRICT,35,29537,12103,41640
OKARA DISTRICT,36,24698,10371,35069
OKARA DISTRICT,37,27051,10594,37645
OKARA DISTRICT,38,23609,10978,34587
OKARA DISTRICT,39,25908,10781,36689
OKARA DISTRICT,40,23644,10294,33938
OKARA DISTRICT,41,23029,9074,32103
OKARA DISTRICT,42,21927,8838,30765
OKARA DISTRICT,43,18480,7921,26401
OKARA DISTRICT,44,17176,7002,24178
OKARA DISTRICT,45,18760,7971,26731
OKARA DISTRICT,46,15841,6049,21890
OKARA DISTRICT,47,18630,6697,25327
OKARA DISTRICT,48,16058,6860,22918
OKARA DISTRICT,49,18110,7092,25202
OKARA DISTRICT,50,17554,7362,24916
OKARA DISTRICT,51,17259,6537,23796
OKARA DISTRICT,52,17528,6386,23914
OKARA DISTRICT,53,14597,6159,20756
OKARA DISTRICT,54,13406,5274,18680
OKARA DISTRICT,55,13072,5414,18486
OKARA DISTRICT,56,10993,4109,15102
OKARA DISTRICT,57,12372,4055,16427
OKARA DISTRICT,58,9704,3700,13404
OKARA DISTRICT,59,10172,3639,13811
OKARA DISTRICT,60,10586,3918,14504
OKARA DISTRICT,61,9662,3428,13090
OKARA DISTRICT,62,9850,3378,13228
OKARA DISTRICT,63,8851,3417,12268
OKARA DISTRICT,64,8695,2910,11605
OKARA DISTRICT,65,8699,3097,11796
OKARA DISTRICT,66,6417,1988,8405
OKARA DISTRICT,67,7245,2084,9329
OKARA DISTRICT,68,6358,2030,8388
OKARA DISTRICT,69,6874,2044,8918
OKARA DISTRICT,70,7246,2183,9429
OKARA DISTRICT,71,6051,1860,7911
OKARA DISTRICT,72,5780,1789,7569
OKARA DISTRICT,73,5391,1610,7001
OKARA DISTRICT,74,4955,1352,6307
OKARA DISTRICT,>=75,35177,10392,45569
ORAKZAI AGENCY,<1,7529,0,7529
ORAKZAI AGENCY,1,8942,0,8942
ORAKZAI AGENCY,2,10177,0,10177
ORAKZAI AGENCY,3,10155,0,10155
ORAKZAI AGENCY,4,9990,0,9990
ORAKZAI AGENCY,5,9472,0,9472
ORAKZAI AGENCY,6,9665,0,9665
ORAKZAI AGENCY,7,8879,0,8879
ORAKZAI AGENCY,8,9545,0,9545
ORAKZAI AGENCY,9,8344,0,8344
ORAKZAI AGENCY,10,8461,0,8461
ORAKZAI AGENCY,11,6866,0,6866
ORAKZAI AGENCY,12,6747,0,6747
ORAKZAI AGENCY,13,6522,0,6522
ORAKZAI AGENCY,14,5788,0,5788
ORAKZAI AGENCY,15,5715,0,5715
ORAKZAI AGENCY,16,4970,0,4970
ORAKZAI AGENCY,17,4478,0,4478
ORAKZAI AGENCY,18,4427,0,4427
ORAKZAI AGENCY,19,4386,0,4386
ORAKZAI AGENCY,20,4438,0,4438
ORAKZAI AGENCY,21,4059,0,4059
ORAKZAI AGENCY,22,3266,0,3266
ORAKZAI AGENCY,23,3926,0,3926
ORAKZAI AGENCY,24,3842,0,3842
ORAKZAI AGENCY,25,4088,0,4088
ORAKZAI AGENCY,26,4271,0,4271
ORAKZAI AGENCY,27,4049,0,4049
ORAKZAI AGENCY,28,3552,0,3552
ORAKZAI AGENCY,29,3780,0,3780
ORAKZAI AGENCY,30,3141,0,3141
ORAKZAI AGENCY,31,3628,0,3628
ORAKZAI AGENCY,32,2812,0,2812
ORAKZAI AGENCY,33,2827,0,2827
ORAKZAI AGENCY,34,2520,0,2520
ORAKZAI AGENCY,35,2250,0,2250
ORAKZAI AGENCY,36,2194,0,2194
ORAKZAI AGENCY,37,2202,0,2202
ORAKZAI AGENCY,38,1961,0,1961
ORAKZAI AGENCY,39,1888,0,1888
ORAKZAI AGENCY,40,2102,0,2102
ORAKZAI AGENCY,41,2032,0,2032
ORAKZAI AGENCY,42,1530,0,1530
ORAKZAI AGENCY,43,1599,0,1599
ORAKZAI AGENCY,44,1537,0,1537
ORAKZAI AGENCY,45,1439,0,1439
ORAKZAI AGENCY,46,1703,0,1703
ORAKZAI AGENCY,47,1539,0,1539
ORAKZAI AGENCY,48,1321,0,1321
ORAKZAI AGENCY,49,1269,0,1269
ORAKZAI AGENCY,50,1536,0,1536
ORAKZAI AGENCY,51,1428,0,1428
ORAKZAI AGENCY,52,1190,0,1190
ORAKZAI AGENCY,53,1213,0,1213
ORAKZAI AGENCY,54,1072,0,1072
ORAKZAI AGENCY,55,1142,0,1142
ORAKZAI AGENCY,56,1214,0,1214
ORAKZAI AGENCY,57,1102,0,1102
ORAKZAI AGENCY,58,858,0,858
ORAKZAI AGENCY,59,848,0,848
ORAKZAI AGENCY,60,987,0,987
ORAKZAI AGENCY,61,970,0,970
ORAKZAI AGENCY,62,793,0,793
ORAKZAI AGENCY,63,759,0,759
ORAKZAI AGENCY,64,744,0,744
ORAKZAI AGENCY,65,641,0,641
ORAKZAI AGENCY,66,691,0,691
ORAKZAI AGENCY,67,613,0,613
ORAKZAI AGENCY,68,500,0,500
ORAKZAI AGENCY,69,479,0,479
ORAKZAI AGENCY,70,411,0,411
ORAKZAI AGENCY,71,386,0,386
ORAKZAI AGENCY,72,300,0,300
ORAKZAI AGENCY,73,306,0,306
ORAKZAI AGENCY,74,256,0,256
ORAKZAI AGENCY,>=75,2041,0,2041
PAKPATTAN DISTRICT,<1,41343,7050,48393
PAKPATTAN DISTRICT,1,42938,7429,50367
PAKPATTAN DISTRICT,2,42237,7340,49577
PAKPATTAN DISTRICT,3,45510,7856,53366
PAKPATTAN DISTRICT,4,46872,7806,54678
PAKPATTAN DISTRICT,5,43350,7117,50467
PAKPATTAN DISTRICT,6,43885,7326,51211
PAKPATTAN DISTRICT,7,47165,7868,55033
PAKPATTAN DISTRICT,8,44501,6950,51451
PAKPATTAN DISTRICT,9,43352,7638,50990
PAKPATTAN DISTRICT,10,39309,6249,45558
PAKPATTAN DISTRICT,11,37049,7185,44234
PAKPATTAN DISTRICT,12,34539,6077,40616
PAKPATTAN DISTRICT,13,32048,6431,38479
PAKPATTAN DISTRICT,14,31361,5915,37276
PAKPATTAN DISTRICT,15,30212,5926,36138
PAKPATTAN DISTRICT,16,30407,6034,36441
PAKPATTAN DISTRICT,17,29309,6253,35562
PAKPATTAN DISTRICT,18,29031,5244,34275
PAKPATTAN DISTRICT,19,28874,6103,34977
PAKPATTAN DISTRICT,20,27121,5003,32124
PAKPATTAN DISTRICT,21,27851,6013,33864
PAKPATTAN DISTRICT,22,26200,5336,31536
PAKPATTAN DISTRICT,23,24221,5393,29614
PAKPATTAN DISTRICT,24,23550,5089,28639
PAKPATTAN DISTRICT,25,22263,4203,26466
PAKPATTAN DISTRICT,26,23561,5091,28652
PAKPATTAN DISTRICT,27,23410,4972,28382
PAKPATTAN DISTRICT,28,22211,4584,26795
PAKPATTAN DISTRICT,29,24765,5064,29829
PAKPATTAN DISTRICT,30,19044,3775,22819
PAKPATTAN DISTRICT,31,23155,4769,27924
PAKPATTAN DISTRICT,32,19815,4244,24059
PAKPATTAN DISTRICT,33,18243,3969,22212
PAKPATTAN DISTRICT,34,19944,4109,24053
PAKPATTAN DISTRICT,35,17022,3251,20273
PAKPATTAN DISTRICT,36,20916,3858,24774
PAKPATTAN DISTRICT,37,20788,3854,24642
PAKPATTAN DISTRICT,38,16677,3598,20275
PAKPATTAN DISTRICT,39,19472,3927,23399
PAKPATTAN DISTRICT,40,12546,2671,15217
PAKPATTAN DISTRICT,41,18278,3440,21718
PAKPATTAN DISTRICT,42,15706,3007,18713
PAKPATTAN DISTRICT,43,12455,2845,15300
PAKPATTAN DISTRICT,44,12972,2666,15638
PAKPATTAN DISTRICT,45,9886,2101,11987
PAKPATTAN DISTRICT,46,13986,2740,16726
PAKPATTAN DISTRICT,47,14518,2745,17263
PAKPATTAN DISTRICT,48,11327,2511,13838
PAKPATTAN DISTRICT,49,12874,2681,15555
PAKPATTAN DISTRICT,50,8965,1936,10901
PAKPATTAN DISTRICT,51,13883,2696,16579
PAKPATTAN DISTRICT,52,12753,2487,15240
PAKPATTAN DISTRICT,53,10218,2155,12373
PAKPATTAN DISTRICT,54,9494,2044,11538
PAKPATTAN DISTRICT,55,6968,1483,8451
PAKPATTAN DISTRICT,56,9508,1750,11258
PAKPATTAN DISTRICT,57,9431,1533,10964
PAKPATTAN DISTRICT,58,6823,1296,8119
PAKPATTAN DISTRICT,59,7777,1466,9243
PAKPATTAN DISTRICT,60,5132,1014,6146
PAKPATTAN DISTRICT,61,7609,1452,9061
PAKPATTAN DISTRICT,62,6915,1285,8200
PAKPATTAN DISTRICT,63,6167,1198,7365
PAKPATTAN DISTRICT,64,6316,1117,7433
PAKPATTAN DISTRICT,65,4542,805,5347
PAKPATTAN DISTRICT,66,5853,958,6811
PAKPATTAN DISTRICT,67,5536,843,6379
PAKPATTAN DISTRICT,68,4739,748,5487
PAKPATTAN DISTRICT,69,5366,758,6124
PAKPATTAN DISTRICT,70,3538,584,4122
PAKPATTAN DISTRICT,71,4798,775,5573
PAKPATTAN DISTRICT,72,4036,634,4670
PAKPATTAN DISTRICT,73,3697,614,4311
PAKPATTAN DISTRICT,74,3404,494,3898
PAKPATTAN DISTRICT,>=75,23699,3561,27260
PANJGUR DISTRICT,<1,9602,2929,12531
PANJGUR DISTRICT,1,8022,2925,10947
PANJGUR DISTRICT,2,10234,3424,13658
PANJGUR DISTRICT,3,8611,3086,11697
PANJGUR DISTRICT,4,10217,3285,13502
PANJGUR DISTRICT,5,8658,3012,11670
PANJGUR DISTRICT,6,9572,3127,12699
PANJGUR DISTRICT,7,7827,2902,10729
PANJGUR DISTRICT,8,10078,3098,13176
PANJGUR DISTRICT,9,8737,2958,11695
PANJGUR DISTRICT,10,9555,2966,12521
PANJGUR DISTRICT,11,7224,2475,9699
PANJGUR DISTRICT,12,7422,2294,9716
PANJGUR DISTRICT,13,6327,2182,8509
PANJGUR DISTRICT,14,6905,2212,9117
PANJGUR DISTRICT,15,6028,2056,8084
PANJGUR DISTRICT,16,5675,1954,7629
PANJGUR DISTRICT,17,5126,1989,7115
PANJGUR DISTRICT,18,4745,1768,6513
PANJGUR DISTRICT,19,3932,1391,5323
PANJGUR DISTRICT,20,4380,1585,5965
PANJGUR DISTRICT,21,3741,1291,5032
PANJGUR DISTRICT,22,3073,1167,4240
PANJGUR DISTRICT,23,2747,1093,3840
PANJGUR DISTRICT,24,2450,996,3446
PANJGUR DISTRICT,25,3109,1225,4334
PANJGUR DISTRICT,26,2387,923,3310
PANJGUR DISTRICT,27,2609,1107,3716
PANJGUR DISTRICT,28,2979,1129,4108
PANJGUR DISTRICT,29,2907,1117,4024
PANJGUR DISTRICT,30,3013,1114,4127
PANJGUR DISTRICT,31,2339,843,3182
PANJGUR DISTRICT,32,1970,737,2707
PANJGUR DISTRICT,33,1946,706,2652
PANJGUR DISTRICT,34,1613,570,2183
PANJGUR DISTRICT,35,2222,770,2992
PANJGUR DISTRICT,36,1566,530,2096
PANJGUR DISTRICT,37,1710,647,2357
PANJGUR DISTRICT,38,2422,680,3102
PANJGUR DISTRICT,39,2254,745,2999
PANJGUR DISTRICT,40,2495,787,3282
PANJGUR DISTRICT,41,1606,546,2152
PANJGUR DISTRICT,42,1480,436,1916
PANJGUR DISTRICT,43,1522,406,1928
PANJGUR DISTRICT,44,1160,352,1512
PANJGUR DISTRICT,45,1526,429,1955
PANJGUR DISTRICT,46,785,249,1034
PANJGUR DISTRICT,47,970,331,1301
PANJGUR DISTRICT,48,1374,371,1745
PANJGUR DISTRICT,49,1251,426,1677
PANJGUR DISTRICT,50,1392,417,1809
PANJGUR DISTRICT,51,792,283,1075
PANJGUR DISTRICT,52,927,294,1221
PANJGUR DISTRICT,53,950,303,1253
PANJGUR DISTRICT,54,845,283,1128
PANJGUR DISTRICT,55,847,263,1110
PANJGUR DISTRICT,56,553,218,771
PANJGUR DISTRICT,57,508,182,690
PANJGUR DISTRICT,58,656,232,888
PANJGUR DISTRICT,59,699,211,910
PANJGUR DISTRICT,60,778,245,1023
PANJGUR DISTRICT,61,457,141,598
PANJGUR DISTRICT,62,467,194,661
PANJGUR DISTRICT,63,441,164,605
PANJGUR DISTRICT,64,550,141,691
PANJGUR DISTRICT,65,505,166,671
PANJGUR DISTRICT,66,208,78,286
PANJGUR DISTRICT,67,282,119,401
PANJGUR DISTRICT,68,323,114,437
PANJGUR DISTRICT,69,385,122,507
PANJGUR DISTRICT,70,313,112,425
PANJGUR DISTRICT,71,191,61,252
PANJGUR DISTRICT,72,168,74,242
PANJGUR DISTRICT,73,181,83,264
PANJGUR DISTRICT,74,218,80,298
PANJGUR DISTRICT,>=75,1203,490,1693
PESHAWAR DISTRICT,<1,65595,49306,114901
PESHAWAR DISTRICT,1,68828,52167,120995
PESHAWAR DISTRICT,2,76076,55784,131860
PESHAWAR DISTRICT,3,79697,59622,139319
PESHAWAR DISTRICT,4,77718,55978,133696
PESHAWAR DISTRICT,5,76023,55979,132002
PESHAWAR DISTRICT,6,73474,53262,126736
PESHAWAR DISTRICT,7,74153,56048,130201
PESHAWAR DISTRICT,8,73021,50629,123650
PESHAWAR DISTRICT,9,69030,53794,122824
PESHAWAR DISTRICT,10,66334,46876,113210
PESHAWAR DISTRICT,11,62431,50839,113270
PESHAWAR DISTRICT,12,59180,45215,104395
PESHAWAR DISTRICT,13,59470,47912,107382
PESHAWAR DISTRICT,14,56271,44063,100334
PESHAWAR DISTRICT,15,56286,45563,101849
PESHAWAR DISTRICT,16,53295,45105,98400
PESHAWAR DISTRICT,17,51384,46538,97922
PESHAWAR DISTRICT,18,50327,43535,93862
PESHAWAR DISTRICT,19,47027,44677,91704
PESHAWAR DISTRICT,20,47411,40525,87936
PESHAWAR DISTRICT,21,43682,44033,87715
PESHAWAR DISTRICT,22,39567,39646,79213
PESHAWAR DISTRICT,23,38779,38833,77612
PESHAWAR DISTRICT,24,36341,36712,73053
PESHAWAR DISTRICT,25,40330,35212,75542
PESHAWAR DISTRICT,26,35889,34290,70179
PESHAWAR DISTRICT,27,37033,34402,71435
PESHAWAR DISTRICT,28,35140,33011,68151
PESHAWAR DISTRICT,29,34011,31613,65624
PESHAWAR DISTRICT,30,33881,31141,65022
PESHAWAR DISTRICT,31,30953,28774,59727
PESHAWAR DISTRICT,32,26278,26379,52657
PESHAWAR DISTRICT,33,27530,27010,54540
PESHAWAR DISTRICT,34,23667,23409,47076
PESHAWAR DISTRICT,35,24222,22959,47181
PESHAWAR DISTRICT,36,20294,20426,40720
PESHAWAR DISTRICT,37,20131,19715,39846
PESHAWAR DISTRICT,38,21093,22470,43563
PESHAWAR DISTRICT,39,20208,20200,40408
PESHAWAR DISTRICT,40,22946,22489,45435
PESHAWAR DISTRICT,41,19279,18025,37304
PESHAWAR DISTRICT,42,16259,16456,32715
PESHAWAR DISTRICT,43,17084,17765,34849
PESHAWAR DISTRICT,44,15107,14766,29873
PESHAWAR DISTRICT,45,15578,15581,31159
PESHAWAR DISTRICT,46,13951,13136,27087
PESHAWAR DISTRICT,47,14010,12680,26690
PESHAWAR DISTRICT,48,13386,13696,27082
PESHAWAR DISTRICT,49,13420,13396,26816
PESHAWAR DISTRICT,50,14817,14677,29494
PESHAWAR DISTRICT,51,12386,12049,24435
PESHAWAR DISTRICT,52,10894,11727,22621
PESHAWAR DISTRICT,53,10883,12023,22906
PESHAWAR DISTRICT,54,9778,10410,20188
PESHAWAR DISTRICT,55,10345,10858,21203
PESHAWAR DISTRICT,56,8742,8633,17375
PESHAWAR DISTRICT,57,9083,8099,17182
PESHAWAR DISTRICT,58,9114,8716,17830
PESHAWAR DISTRICT,59,9022,8247,17269
PESHAWAR DISTRICT,60,9185,8408,17593
PESHAWAR DISTRICT,61,7824,7720,15544
PESHAWAR DISTRICT,62,6951,7371,14322
PESHAWAR DISTRICT,63,7376,7411,14787
PESHAWAR DISTRICT,64,6938,6260,13198
PESHAWAR DISTRICT,65,5752,5473,11225
PESHAWAR DISTRICT,66,4792,4292,9084
PESHAWAR DISTRICT,67,4770,4417,9187
PESHAWAR DISTRICT,68,4558,4457,9015
PESHAWAR DISTRICT,69,4689,3757,8446
PESHAWAR DISTRICT,70,4120,3606,7726
PESHAWAR DISTRICT,71,3256,3090,6346
PESHAWAR DISTRICT,72,2804,2794,5598
PESHAWAR DISTRICT,73,3039,2980,6019
PESHAWAR DISTRICT,74,2655,2287,4942
PESHAWAR DISTRICT,>=75,20522,18419,38941
PISHIN DISTRICT,<1,21559,4342,25901
PISHIN DISTRICT,1,22800,5419,28219
PISHIN DISTRICT,2,23389,5204,28593
PISHIN DISTRICT,3,22671,5410,28081
PISHIN DISTRICT,4,21602,4989,26591
PISHIN DISTRICT,5,20940,4711,25651
PISHIN DISTRICT,6,20583,4786,25369
PISHIN DISTRICT,7,20105,4488,24593
PISHIN DISTRICT,8,19129,4475,23604
PISHIN DISTRICT,9,19620,4686,24306
PISHIN DISTRICT,10,17478,4021,21499
PISHIN DISTRICT,11,17307,4044,21351
PISHIN DISTRICT,12,14929,3617,18546
PISHIN DISTRICT,13,15403,3694,19097
PISHIN DISTRICT,14,14459,3468,17927
PISHIN DISTRICT,15,13811,3455,17266
PISHIN DISTRICT,16,13383,3268,16651
PISHIN DISTRICT,17,13698,3265,16963
PISHIN DISTRICT,18,13799,3268,17067
PISHIN DISTRICT,19,14001,3278,17279
PISHIN DISTRICT,20,12624,3167,15791
PISHIN DISTRICT,21,11870,2973,14843
PISHIN DISTRICT,22,9446,2406,11852
PISHIN DISTRICT,23,9520,2489,12009
PISHIN DISTRICT,24,8984,2127,11111
PISHIN DISTRICT,25,9520,2459,11979
PISHIN DISTRICT,26,8236,2017,10253
PISHIN DISTRICT,27,8797,2113,10910
PISHIN DISTRICT,28,8430,2123,10553
PISHIN DISTRICT,29,8602,2050,10652
PISHIN DISTRICT,30,7959,2069,10028
PISHIN DISTRICT,31,7827,1791,9618
PISHIN DISTRICT,32,6261,1519,7780
PISHIN DISTRICT,33,6371,1750,8121
PISHIN DISTRICT,34,5591,1425,7016
PISHIN DISTRICT,35,5426,1540,6966
PISHIN DISTRICT,36,4895,1225,6120
PISHIN DISTRICT,37,5938,1292,7230
PISHIN DISTRICT,38,5130,1495,6625
PISHIN DISTRICT,39,4948,1292,6240
PISHIN DISTRICT,40,4746,1397,6143
PISHIN DISTRICT,41,3898,1016,4914
PISHIN DISTRICT,42,3461,896,4357
PISHIN DISTRICT,43,3374,933,4307
PISHIN DISTRICT,44,2976,832,3808
PISHIN DISTRICT,45,3070,898,3968
PISHIN DISTRICT,46,2699,561,3260
PISHIN DISTRICT,47,3302,738,4040
PISHIN DISTRICT,48,2932,784,3716
PISHIN DISTRICT,49,2931,661,3592
PISHIN DISTRICT,50,3152,860,4012
PISHIN DISTRICT,51,2991,681,3672
PISHIN DISTRICT,52,2512,612,3124
PISHIN DISTRICT,53,2480,614,3094
PISHIN DISTRICT,54,2237,536,2773
PISHIN DISTRICT,55,2067,661,2728
PISHIN DISTRICT,56,1690,399,2089
PISHIN DISTRICT,57,2052,457,2509
PISHIN DISTRICT,58,1675,444,2119
PISHIN DISTRICT,59,1694,450,2144
PISHIN DISTRICT,60,1669,520,2189
PISHIN DISTRICT,61,1606,418,2024
PISHIN DISTRICT,62,1402,335,1737
PISHIN DISTRICT,63,1595,406,2001
PISHIN DISTRICT,64,1454,353,1807
PISHIN DISTRICT,65,1281,354,1635
PISHIN DISTRICT,66,1092,238,1330
PISHIN DISTRICT,67,1250,235,1485
PISHIN DISTRICT,68,1069,258,1327
PISHIN DISTRICT,69,1051,236,1287
PISHIN DISTRICT,70,843,256,1099
PISHIN DISTRICT,71,865,171,1036
PISHIN DISTRICT,72,701,136,837
PISHIN DISTRICT,73,711,166,877
PISHIN DISTRICT,74,627,141,768
PISHIN DISTRICT,>=75,3911,933,4844
QUETTA DISTRICT,<1,34276,24845,59121
QUETTA DISTRICT,1,47682,29109,76791
QUETTA DISTRICT,2,46152,29362,75514
QUETTA DISTRICT,3,47644,31390,79034
QUETTA DISTRICT,4,44177,28573,72750
QUETTA DISTRICT,5,44068,28918,72986
QUETTA DISTRICT,6,41694,27336,69030
QUETTA DISTRICT,7,45072,29316,74388
QUETTA DISTRICT,8,39879,26126,66005
QUETTA DISTRICT,9,42751,28501,71252
QUETTA DISTRICT,10,35218,23646,58864
QUETTA DISTRICT,11,38090,27039,65129
QUETTA DISTRICT,12,31342,22056,53398
QUETTA DISTRICT,13,33864,24222,58086
QUETTA DISTRICT,14,30714,22034,52748
QUETTA DISTRICT,15,31043,22772,53815
QUETTA DISTRICT,16,29347,22394,51741
QUETTA DISTRICT,17,29143,23154,52297
QUETTA DISTRICT,18,28083,21003,49086
QUETTA DISTRICT,19,29121,23282,52403
QUETTA DISTRICT,20,24493,18975,43468
QUETTA DISTRICT,21,26595,22165,48760
QUETTA DISTRICT,22,21079,18273,39352
QUETTA DISTRICT,23,21948,19767,41715
QUETTA DISTRICT,24,18864,18332,37196
QUETTA DISTRICT,25,20521,17161,37682
QUETTA DISTRICT,26,17872,17516,35388
QUETTA DISTRICT,27,19656,17966,37622
QUETTA DISTRICT,28,17040,16616,33656
QUETTA DISTRICT,29,18578,17229,35807
QUETTA DISTRICT,30,16264,14619,30883
QUETTA DISTRICT,31,17085,16152,33237
QUETTA DISTRICT,32,14120,14251,28371
QUETTA DISTRICT,33,14652,14164,28816
QUETTA DISTRICT,34,12283,12664,24947
QUETTA DISTRICT,35,12622,11202,23824
QUETTA DISTRICT,36,11277,11240,22517
QUETTA DISTRICT,37,12988,11646,24634
QUETTA DISTRICT,38,11405,12074,23479
QUETTA DISTRICT,39,11812,11363,23175
QUETTA DISTRICT,40,10393,9573,19966
QUETTA DISTRICT,41,10159,9750,19909
QUETTA DISTRICT,42,8151,8196,16347
QUETTA DISTRICT,43,8224,8242,16466
QUETTA DISTRICT,44,7003,7105,14108
QUETTA DISTRICT,45,7059,6809,13868
QUETTA DISTRICT,46,7020,6612,13632
QUETTA DISTRICT,47,7946,6711,14657
QUETTA DISTRICT,48,6448,6734,13182
QUETTA DISTRICT,49,7240,6849,14089
QUETTA DISTRICT,50,6686,6177,12863
QUETTA DISTRICT,51,7226,6546,13772
QUETTA DISTRICT,52,5581,5670,11251
QUETTA DISTRICT,53,5527,5474,11001
QUETTA DISTRICT,54,4879,5065,9944
QUETTA DISTRICT,55,4431,4617,9048
QUETTA DISTRICT,56,4335,4278,8613
QUETTA DISTRICT,57,4529,4141,8670
QUETTA DISTRICT,58,3661,4004,7665
QUETTA DISTRICT,59,3959,3728,7687
QUETTA DISTRICT,60,3902,3333,7235
QUETTA DISTRICT,61,4305,4030,8335
QUETTA DISTRICT,62,3591,3636,7227
QUETTA DISTRICT,63,3707,3620,7327
QUETTA DISTRICT,64,3139,3071,6210
QUETTA DISTRICT,65,2598,2432,5030
QUETTA DISTRICT,66,2744,2323,5067
QUETTA DISTRICT,67,2707,2281,4988
QUETTA DISTRICT,68,2272,2409,4681
QUETTA DISTRICT,69,2184,1978,4162
QUETTA DISTRICT,70,1700,1444,3144
QUETTA DISTRICT,71,2014,1758,3772
QUETTA DISTRICT,72,1624,1432,3056
QUETTA DISTRICT,73,1490,1510,3000
QUETTA DISTRICT,74,1165,1096,2261
QUETTA DISTRICT,>=75,9975,8298,18273
RAHIM YAR KHAN DISTRICT,<1,83249,22742,105991
RAHIM YAR KHAN DISTRICT,1,109949,26127,136076
RAHIM YAR KHAN DISTRICT,2,116618,26477,143095
RAHIM YAR KHAN DISTRICT,3,124173,28924,153097
RAHIM YAR KHAN DISTRICT,4,129476,27671,157147
RAHIM YAR KHAN DISTRICT,5,124136,28159,152295
RAHIM YAR KHAN DISTRICT,6,121658,26706,148364
RAHIM YAR KHAN DISTRICT,7,127048,29595,156643
RAHIM YAR KHAN DISTRICT,8,128979,26099,155078
RAHIM YAR KHAN DISTRICT,9,113662,28365,142027
RAHIM YAR KHAN DISTRICT,10,113800,24378,138178
RAHIM YAR KHAN DISTRICT,11,91270,26383,117653
RAHIM YAR KHAN DISTRICT,12,97008,23420,120428
RAHIM YAR KHAN DISTRICT,13,82039,24148,106187
RAHIM YAR KHAN DISTRICT,14,82403,22609,105012
RAHIM YAR KHAN DISTRICT,15,81539,23089,104628
RAHIM YAR KHAN DISTRICT,16,77170,22150,99320
RAHIM YAR KHAN DISTRICT,17,80724,25207,105931
RAHIM YAR KHAN DISTRICT,18,73443,19300,92743
RAHIM YAR KHAN DISTRICT,19,69255,22103,91358
RAHIM YAR KHAN DISTRICT,20,78488,20237,98725
RAHIM YAR KHAN DISTRICT,21,61835,21359,83194
RAHIM YAR KHAN DISTRICT,22,67294,19951,87245
RAHIM YAR KHAN DISTRICT,23,55804,18617,74421
RAHIM YAR KHAN DISTRICT,24,53745,18305,72050
RAHIM YAR KHAN DISTRICT,25,64925,17187,82112
RAHIM YAR KHAN DISTRICT,26,50478,17317,67795
RAHIM YAR KHAN DISTRICT,27,51407,16932,68339
RAHIM YAR KHAN DISTRICT,28,54639,16811,71450
RAHIM YAR KHAN DISTRICT,29,51021,16015,67036
RAHIM YAR KHAN DISTRICT,30,57757,15866,73623
RAHIM YAR KHAN DISTRICT,31,49006,15286,64292
RAHIM YAR KHAN DISTRICT,32,47012,14719,61731
RAHIM YAR KHAN DISTRICT,33,42300,13874,56174
RAHIM YAR KHAN DISTRICT,34,39268,12411,51679
RAHIM YAR KHAN DISTRICT,35,48849,13392,62241
RAHIM YAR KHAN DISTRICT,36,40014,11680,51694
RAHIM YAR KHAN DISTRICT,37,42681,11577,54258
RAHIM YAR KHAN DISTRICT,38,39780,12469,52249
RAHIM YAR KHAN DISTRICT,39,39193,11710,50903
RAHIM YAR KHAN DISTRICT,40,39944,11946,51890
RAHIM YAR KHAN DISTRICT,41,34603,10449,45052
RAHIM YAR KHAN DISTRICT,42,33339,10031,43370
RAHIM YAR KHAN DISTRICT,43,28758,9709,38467
RAHIM YAR KHAN DISTRICT,44,27851,9019,36870
RAHIM YAR KHAN DISTRICT,45,31079,9450,40529
RAHIM YAR KHAN DISTRICT,46,25922,8047,33969
RAHIM YAR KHAN DISTRICT,47,27861,7969,35830
RAHIM YAR KHAN DISTRICT,48,27013,8893,35906
RAHIM YAR KHAN DISTRICT,49,26357,8655,35012
RAHIM YAR KHAN DISTRICT,50,28891,8741,37632
RAHIM YAR KHAN DISTRICT,51,23949,7545,31494
RAHIM YAR KHAN DISTRICT,52,22631,7129,29760
RAHIM YAR KHAN DISTRICT,53,20297,6904,27201
RAHIM YAR KHAN DISTRICT,54,18055,6218,24273
RAHIM YAR KHAN DISTRICT,55,20430,6425,26855
RAHIM YAR KHAN DISTRICT,56,15479,5147,20626
RAHIM YAR KHAN DISTRICT,57,15855,4664,20519
RAHIM YAR KHAN DISTRICT,58,13956,4568,18524
RAHIM YAR KHAN DISTRICT,59,14270,4478,18748
RAHIM YAR KHAN DISTRICT,60,18465,4864,23329
RAHIM YAR KHAN DISTRICT,61,15289,4532,19821
RAHIM YAR KHAN DISTRICT,62,14959,4188,19147
RAHIM YAR KHAN DISTRICT,63,13857,4165,18022
RAHIM YAR KHAN DISTRICT,64,12315,3562,15877
RAHIM YAR KHAN DISTRICT,65,13863,3652,17515
RAHIM YAR KHAN DISTRICT,66,11210,2765,13975
RAHIM YAR KHAN DISTRICT,67,11485,2519,14004
RAHIM YAR KHAN DISTRICT,68,9551,2476,12027
RAHIM YAR KHAN DISTRICT,69,8428,2116,10544
RAHIM YAR KHAN DISTRICT,70,10435,2329,12764
RAHIM YAR KHAN DISTRICT,71,8630,2074,10704
RAHIM YAR KHAN DISTRICT,72,8168,1871,10039
RAHIM YAR KHAN DISTRICT,73,6835,1870,8705
RAHIM YAR KHAN DISTRICT,74,5324,1338,6662
RAHIM YAR KHAN DISTRICT,>=75,48330,11308,59638
RAJANPUR DISTRICT,<1,43398,7924,51322
RAJANPUR DISTRICT,1,49954,8897,58851
RAJANPUR DISTRICT,2,60468,9764,70232
RAJANPUR DISTRICT,3,64268,10777,75045
RAJANPUR DISTRICT,4,66937,10054,76991
RAJANPUR DISTRICT,5,62604,10489,73093
RAJANPUR DISTRICT,6,63233,9576,72809
RAJANPUR DISTRICT,7,63661,10873,74534
RAJANPUR DISTRICT,8,67305,9959,77264
RAJANPUR DISTRICT,9,55158,10078,65236
RAJANPUR DISTRICT,10,58471,9065,67536
RAJANPUR DISTRICT,11,40337,8960,49297
RAJANPUR DISTRICT,12,46289,8714,55003
RAJANPUR DISTRICT,13,35066,8371,43437
RAJANPUR DISTRICT,14,36887,8019,44906
RAJANPUR DISTRICT,15,31785,7643,39428
RAJANPUR DISTRICT,16,32094,7439,39533
RAJANPUR DISTRICT,17,25439,7150,32589
RAJANPUR DISTRICT,18,35764,7212,42976
RAJANPUR DISTRICT,19,27789,7214,35003
RAJANPUR DISTRICT,20,31708,6467,38175
RAJANPUR DISTRICT,21,22826,6392,29218
RAJANPUR DISTRICT,22,22949,5689,28638
RAJANPUR DISTRICT,23,20022,5784,25806
RAJANPUR DISTRICT,24,19023,5168,24191
RAJANPUR DISTRICT,25,24306,5206,29512
RAJANPUR DISTRICT,26,19248,4985,24233
RAJANPUR DISTRICT,27,22028,5508,27536
RAJANPUR DISTRICT,28,20840,4795,25635
RAJANPUR DISTRICT,29,23090,5373,28463
RAJANPUR DISTRICT,30,21484,4272,25756
RAJANPUR DISTRICT,31,20609,4902,25511
RAJANPUR DISTRICT,32,20956,4559,25515
RAJANPUR DISTRICT,33,16949,4027,20976
RAJANPUR DISTRICT,34,15805,3830,19635
RAJANPUR DISTRICT,35,18579,3879,22458
RAJANPUR DISTRICT,36,16807,3931,20738
RAJANPUR DISTRICT,37,24337,4837,29174
RAJANPUR DISTRICT,38,14794,3436,18230
RAJANPUR DISTRICT,39,17563,4025,21588
RAJANPUR DISTRICT,40,13975,2762,16737
RAJANPUR DISTRICT,41,14201,3292,17493
RAJANPUR DISTRICT,42,15546,3413,18959
RAJANPUR DISTRICT,43,10299,2675,12974
RAJANPUR DISTRICT,44,9851,2424,12275
RAJANPUR DISTRICT,45,10162,2275,12437
RAJANPUR DISTRICT,46,10061,2421,12482
RAJANPUR DISTRICT,47,14117,2931,17048
RAJANPUR DISTRICT,48,8994,2375,11369
RAJANPUR DISTRICT,49,10492,2569,13061
RAJANPUR DISTRICT,50,9199,2004,11203
RAJANPUR DISTRICT,51,9462,2442,11904
RAJANPUR DISTRICT,52,9796,2289,12085
RAJANPUR DISTRICT,53,7152,2021,9173
RAJANPUR DISTRICT,54,6517,1751,8268
RAJANPUR DISTRICT,55,6070,1441,7511
RAJANPUR DISTRICT,56,5951,1507,7458
RAJANPUR DISTRICT,57,8390,1606,9996
RAJANPUR DISTRICT,58,4438,1168,5606
RAJANPUR DISTRICT,59,5164,1309,6473
RAJANPUR DISTRICT,60,5594,1093,6687
RAJANPUR DISTRICT,61,5605,1319,6924
RAJANPUR DISTRICT,62,6278,1355,7633
RAJANPUR DISTRICT,63,4732,1164,5896
RAJANPUR DISTRICT,64,4537,1009,5546
RAJANPUR DISTRICT,65,4407,909,5316
RAJANPUR DISTRICT,66,5195,977,6172
RAJANPUR DISTRICT,67,6385,1104,7489
RAJANPUR DISTRICT,68,3511,849,4360
RAJANPUR DISTRICT,69,3803,762,4565
RAJANPUR DISTRICT,70,3531,625,4156
RAJANPUR DISTRICT,71,4008,744,4752
RAJANPUR DISTRICT,72,3672,646,4318
RAJANPUR DISTRICT,73,2547,549,3096
RAJANPUR DISTRICT,74,2280,390,2670
RAJANPUR DISTRICT,>=75,21991,3883,25874
RAWALPINDI DISTRICT,<1,52662,61379,114041
RAWALPINDI DISTRICT,1,56976,68143,125119
RAWALPINDI DISTRICT,2,56350,68424,124774
RAWALPINDI DISTRICT,3,59293,73389,132682
RAWALPINDI DISTRICT,4,54271,67715,121986
RAWALPINDI DISTRICT,5,54972,68831,123803
RAWALPINDI DISTRICT,6,55024,68118,123142
RAWALPINDI DISTRICT,7,58193,72648,130841
RAWALPINDI DISTRICT,8,50450,62585,113035
RAWALPINDI DISTRICT,9,59454,74344,133798
RAWALPINDI DISTRICT,10,46438,58432,104870
RAWALPINDI DISTRICT,11,58079,72290,130369
RAWALPINDI DISTRICT,12,44986,57436,102422
RAWALPINDI DISTRICT,13,51697,64859,116556
RAWALPINDI DISTRICT,14,45307,57382,102689
RAWALPINDI DISTRICT,15,46813,58134,104947
RAWALPINDI DISTRICT,16,47861,58466,106327
RAWALPINDI DISTRICT,17,49860,63540,113400
RAWALPINDI DISTRICT,18,39088,51026,90114
RAWALPINDI DISTRICT,19,50155,62515,112670
RAWALPINDI DISTRICT,20,37987,48876,86863
RAWALPINDI DISTRICT,21,50355,64438,114793
RAWALPINDI DISTRICT,22,40783,54625,95408
RAWALPINDI DISTRICT,23,46523,59490,106013
RAWALPINDI DISTRICT,24,44728,57598,102326
RAWALPINDI DISTRICT,25,34709,45967,80676
RAWALPINDI DISTRICT,26,43422,55291,98713
RAWALPINDI DISTRICT,27,42725,55652,98377
RAWALPINDI DISTRICT,28,38637,51791,90428
RAWALPINDI DISTRICT,29,42499,53433,95932
RAWALPINDI DISTRICT,30,33557,46110,79667
RAWALPINDI DISTRICT,31,41106,52067,93173
RAWALPINDI DISTRICT,32,37312,50402,87714
RAWALPINDI DISTRICT,33,37542,49026,86568
RAWALPINDI DISTRICT,34,34911,45956,80867
RAWALPINDI DISTRICT,35,27184,38578,65762
RAWALPINDI DISTRICT,36,31926,42829,74755
RAWALPINDI DISTRICT,37,29675,40140,69815
RAWALPINDI DISTRICT,38,31872,44981,76853
RAWALPINDI DISTRICT,39,30397,40520,70917
RAWALPINDI DISTRICT,40,24704,37336,62040
RAWALPINDI DISTRICT,41,26977,36623,63600
RAWALPINDI DISTRICT,42,24442,34839,59281
RAWALPINDI DISTRICT,43,25460,34691,60151
RAWALPINDI DISTRICT,44,23049,31128,54177
RAWALPINDI DISTRICT,45,18655,27728,46383
RAWALPINDI DISTRICT,46,21773,27174,48947
RAWALPINDI DISTRICT,47,19681,25254,44935
RAWALPINDI DISTRICT,48,22692,29389,52081
RAWALPINDI DISTRICT,49,21863,27401,49264
RAWALPINDI DISTRICT,50,18968,26457,45425
RAWALPINDI DISTRICT,51,20922,24895,45817
RAWALPINDI DISTRICT,52,20016,25248,45264
RAWALPINDI DISTRICT,53,20572,25293,45865
RAWALPINDI DISTRICT,54,19443,22987,42430
RAWALPINDI DISTRICT,55,15238,20488,35726
RAWALPINDI DISTRICT,56,16062,18576,34638
RAWALPINDI DISTRICT,57,13986,16059,30045
RAWALPINDI DISTRICT,58,15313,17551,32864
RAWALPINDI DISTRICT,59,14818,16544,31362
RAWALPINDI DISTRICT,60,12035,14644,26679
RAWALPINDI DISTRICT,61,14937,15266,30203
RAWALPINDI DISTRICT,62,14595,15576,30171
RAWALPINDI DISTRICT,63,14492,15592,30084
RAWALPINDI DISTRICT,64,12798,12874,25672
RAWALPINDI DISTRICT,65,10037,11680,21717
RAWALPINDI DISTRICT,66,10193,9145,19338
RAWALPINDI DISTRICT,67,9620,8983,18603
RAWALPINDI DISTRICT,68,10332,9836,20168
RAWALPINDI DISTRICT,69,8995,8502,17497
RAWALPINDI DISTRICT,70,6968,7086,14054
RAWALPINDI DISTRICT,71,7521,7040,14561
RAWALPINDI DISTRICT,72,7461,7047,14508
RAWALPINDI DISTRICT,73,7096,6598,13694
RAWALPINDI DISTRICT,74,5497,5110,10607
RAWALPINDI DISTRICT,>=75,43682,37642,81324
SAHIWAL DISTRICT,<1,44524,11123,55647
SAHIWAL DISTRICT,1,49424,11716,61140
SAHIWAL DISTRICT,2,51010,11879,62889
SAHIWAL DISTRICT,3,55253,12651,67904
SAHIWAL DISTRICT,4,55439,12205,67644
SAHIWAL DISTRICT,5,54644,12034,66678
SAHIWAL DISTRICT,6,52290,11847,64137
SAHIWAL DISTRICT,7,56618,12676,69294
SAHIWAL DISTRICT,8,52463,11302,63765
SAHIWAL DISTRICT,9,52102,12316,64418
SAHIWAL DISTRICT,10,48275,10696,58971
SAHIWAL DISTRICT,11,46493,12188,58681
SAHIWAL DISTRICT,12,43542,10413,53955
SAHIWAL DISTRICT,13,41581,11071,52652
SAHIWAL DISTRICT,14,40414,10309,50723
SAHIWAL DISTRICT,15,40596,10512,51108
SAHIWAL DISTRICT,16,40474,10472,50946
SAHIWAL DISTRICT,17,40293,11391,51684
SAHIWAL DISTRICT,18,38689,9397,48086
SAHIWAL DISTRICT,19,38664,10701,49365
SAHIWAL DISTRICT,20,38432,9441,47873
SAHIWAL DISTRICT,21,36726,11034,47760
SAHIWAL DISTRICT,22,37042,10027,47069
SAHIWAL DISTRICT,23,34601,10331,44932
SAHIWAL DISTRICT,24,32775,9882,42657
SAHIWAL DISTRICT,25,34054,8553,42607
SAHIWAL DISTRICT,26,31327,9544,40871
SAHIWAL DISTRICT,27,30427,9498,39925
SAHIWAL DISTRICT,28,30674,9014,39688
SAHIWAL DISTRICT,29,30179,8664,38843
SAHIWAL DISTRICT,30,31543,8448,39991
SAHIWAL DISTRICT,31,28226,8062,36288
SAHIWAL DISTRICT,32,27652,8368,36020
SAHIWAL DISTRICT,33,25283,7686,32969
SAHIWAL DISTRICT,34,24428,7135,31563
SAHIWAL DISTRICT,35,26576,6883,33459
SAHIWAL DISTRICT,36,24254,6763,31017
SAHIWAL DISTRICT,37,23825,6069,29894
SAHIWAL DISTRICT,38,23304,7163,30467
SAHIWAL DISTRICT,39,24095,6394,30489
SAHIWAL DISTRICT,40,22926,6714,29640
SAHIWAL DISTRICT,41,21198,5599,26797
SAHIWAL DISTRICT,42,20177,5627,25804
SAHIWAL DISTRICT,43,17708,5389,23097
SAHIWAL DISTRICT,44,16608,4900,21508
SAHIWAL DISTRICT,45,17871,5139,23010
SAHIWAL DISTRICT,46,15584,4335,19919
SAHIWAL DISTRICT,47,16732,4122,20854
SAHIWAL DISTRICT,48,15886,4822,20708
SAHIWAL DISTRICT,49,16986,4706,21692
SAHIWAL DISTRICT,50,17089,4868,21957
SAHIWAL DISTRICT,51,16615,4351,20966
SAHIWAL DISTRICT,52,16277,4485,20762
SAHIWAL DISTRICT,53,14891,4262,19153
SAHIWAL DISTRICT,54,13640,3906,17546
SAHIWAL DISTRICT,55,13485,3664,17149
SAHIWAL DISTRICT,56,11942,3090,15032
SAHIWAL DISTRICT,57,11829,2741,14570
SAHIWAL DISTRICT,58,10490,2827,13317
SAHIWAL DISTRICT,59,10771,2794,13565
SAHIWAL DISTRICT,60,10325,2711,13036
SAHIWAL DISTRICT,61,9860,2391,12251
SAHIWAL DISTRICT,62,9620,2423,12043
SAHIWAL DISTRICT,63,9156,2407,11563
SAHIWAL DISTRICT,64,8530,1986,10516
SAHIWAL DISTRICT,65,8156,1967,10123
SAHIWAL DISTRICT,66,6438,1469,7907
SAHIWAL DISTRICT,67,6434,1287,7721
SAHIWAL DISTRICT,68,6156,1385,7541
SAHIWAL DISTRICT,69,6533,1282,7815
SAHIWAL DISTRICT,70,6401,1296,7697
SAHIWAL DISTRICT,71,5497,1086,6583
SAHIWAL DISTRICT,72,5136,1159,6295
SAHIWAL DISTRICT,73,4779,1111,5890
SAHIWAL DISTRICT,74,4650,870,5520
SAHIWAL DISTRICT,>=75,32740,6655,39395
SANGHAR DISTRICT,<1,32987,12089,45076
SANGHAR DISTRICT,1,43092,13418,56510
SANGHAR DISTRICT,2,49866,14781,64647
SANGHAR DISTRICT,3,52476,16667,69143
SANGHAR DISTRICT,4,54702,16309,71011
SANGHAR DISTRICT,5,53549,16841,70390
SANGHAR DISTRICT,6,54777,16030,70807
SANGHAR DISTRICT,7,46165,16233,62398
SANGHAR DISTRICT,8,56711,16083,72794
SANGHAR DISTRICT,9,41949,15120,57069
SANGHAR DISTRICT,10,49832,14915,64747
SANGHAR DISTRICT,11,34286,14197,48483
SANGHAR DISTRICT,12,40495,13943,54438
SANGHAR DISTRICT,13,30823,13170,43993
SANGHAR DISTRICT,14,32322,12591,44913
SANGHAR DISTRICT,15,32415,13435,45850
SANGHAR DISTRICT,16,31048,12627,43675
SANGHAR DISTRICT,17,25768,13155,38923
SANGHAR DISTRICT,18,33032,12781,45813
SANGHAR DISTRICT,19,25598,12097,37695
SANGHAR DISTRICT,20,30494,11777,42271
SANGHAR DISTRICT,21,22022,11236,33258
SANGHAR DISTRICT,22,22615,10413,33028
SANGHAR DISTRICT,23,19849,9841,29690
SANGHAR DISTRICT,24,18588,9097,27685
SANGHAR DISTRICT,25,22711,9400,32111
SANGHAR DISTRICT,26,18228,8784,27012
SANGHAR DISTRICT,27,20676,9393,30069
SANGHAR DISTRICT,28,20644,8935,29579
SANGHAR DISTRICT,29,21654,9232,30886
SANGHAR DISTRICT,30,20924,8605,29529
SANGHAR DISTRICT,31,20179,8729,28908
SANGHAR DISTRICT,32,19740,8551,28291
SANGHAR DISTRICT,33,18252,8003,26255
SANGHAR DISTRICT,34,17557,7495,25052
SANGHAR DISTRICT,35,18348,7337,25685
SANGHAR DISTRICT,36,17640,6649,24289
SANGHAR DISTRICT,37,23609,8287,31896
SANGHAR DISTRICT,38,15529,6554,22083
SANGHAR DISTRICT,39,17706,7437,25143
SANGHAR DISTRICT,40,13409,6149,19558
SANGHAR DISTRICT,41,13441,5816,19257
SANGHAR DISTRICT,42,13721,6183,19904
SANGHAR DISTRICT,43,11038,5441,16479
SANGHAR DISTRICT,44,11117,4998,16115
SANGHAR DISTRICT,45,9980,4694,14674
SANGHAR DISTRICT,46,10451,4396,14847
SANGHAR DISTRICT,47,12787,5198,17985
SANGHAR DISTRICT,48,9568,4316,13884
SANGHAR DISTRICT,49,10393,4724,15117
SANGHAR DISTRICT,50,8485,4078,12563
SANGHAR DISTRICT,51,8799,4129,12928
SANGHAR DISTRICT,52,8077,3855,11932
SANGHAR DISTRICT,53,6732,3558,10290
SANGHAR DISTRICT,54,5706,2877,8583
SANGHAR DISTRICT,55,5601,2741,8342
SANGHAR DISTRICT,56,5007,2205,7212
SANGHAR DISTRICT,57,6676,2584,9260
SANGHAR DISTRICT,58,4423,2059,6482
SANGHAR DISTRICT,59,4913,2291,7204
SANGHAR DISTRICT,60,4974,1965,6939
SANGHAR DISTRICT,61,4973,2239,7212
SANGHAR DISTRICT,62,5188,2166,7354
SANGHAR DISTRICT,63,4486,2127,6613
SANGHAR DISTRICT,64,4541,1797,6338
SANGHAR DISTRICT,65,3947,1614,5561
SANGHAR DISTRICT,66,3869,1361,5230
SANGHAR DISTRICT,67,4202,1400,5602
SANGHAR DISTRICT,68,3347,1380,4727
SANGHAR DISTRICT,69,3209,1261,4470
SANGHAR DISTRICT,70,2658,956,3614
SANGHAR DISTRICT,71,2683,1085,3768
SANGHAR DISTRICT,72,2286,909,3195
SANGHAR DISTRICT,73,2355,1013,3368
SANGHAR DISTRICT,74,1725,636,2361
SANGHAR DISTRICT,>=75,14529,5281,19810
SARGODHA DISTRICT,<1,60484,23222,83706
SARGODHA DISTRICT,1,64017,24839,88856
SARGODHA DISTRICT,2,65302,25084,90386
SARGODHA DISTRICT,3,70822,26994,97816
SARGODHA DISTRICT,4,70896,25862,96758
SARGODHA DISTRICT,5,69976,25659,95635
SARGODHA DISTRICT,6,66743,25251,91994
SARGODHA DISTRICT,7,70770,26835,97605
SARGODHA DISTRICT,8,65860,24098,89958
SARGODHA DISTRICT,9,68573,26879,95452
SARGODHA DISTRICT,10,60707,22724,83431
SARGODHA DISTRICT,11,64233,26806,91039
SARGODHA DISTRICT,12,56139,22016,78155
SARGODHA DISTRICT,13,57512,23911,81423
SARGODHA DISTRICT,14,52944,21786,74730
SARGODHA DISTRICT,15,54415,22405,76820
SARGODHA DISTRICT,16,54010,22571,76581
SARGODHA DISTRICT,17,59050,25944,84994
SARGODHA DISTRICT,18,46909,19240,66149
SARGODHA DISTRICT,19,51411,23199,74610
SARGODHA DISTRICT,20,47119,19394,66513
SARGODHA DISTRICT,21,50085,23958,74043
SARGODHA DISTRICT,22,45457,21255,66712
SARGODHA DISTRICT,23,44651,21488,66139
SARGODHA DISTRICT,24,42503,21158,63661
SARGODHA DISTRICT,25,42126,17724,59850
SARGODHA DISTRICT,26,41114,19514,60628
SARGODHA DISTRICT,27,42887,19505,62392
SARGODHA DISTRICT,28,39421,18453,57874
SARGODHA DISTRICT,29,41970,18658,60628
SARGODHA DISTRICT,30,37214,16214,53428
SARGODHA DISTRICT,31,37949,17599,55548
SARGODHA DISTRICT,32,35177,16613,51790
SARGODHA DISTRICT,33,34387,15973,50360
SARGODHA DISTRICT,34,33918,15244,49162
SARGODHA DISTRICT,35,30794,13513,44307
SARGODHA DISTRICT,36,30159,13584,43743
SARGODHA DISTRICT,37,31199,13192,44391
SARGODHA DISTRICT,38,28977,13991,42968
SARGODHA DISTRICT,39,29629,13257,42886
SARGODHA DISTRICT,40,25483,12315,37798
SARGODHA DISTRICT,41,26757,11768,38525
SARGODHA DISTRICT,42,24186,11184,35370
SARGODHA DISTRICT,43,22887,11039,33926
SARGODHA DISTRICT,44,22454,10199,32653
SARGODHA DISTRICT,45,20597,9932,30529
SARGODHA DISTRICT,46,21988,9520,31508
SARGODHA DISTRICT,47,23426,8963,32389
SARGODHA DISTRICT,48,22002,10053,32055
SARGODHA DISTRICT,49,23542,10158,33700
SARGODHA DISTRICT,50,20668,9609,30277
SARGODHA DISTRICT,51,23428,9785,33213
SARGODHA DISTRICT,52,21977,9401,31378
SARGODHA DISTRICT,53,20447,9178,29625
SARGODHA DISTRICT,54,18760,8489,27249
SARGODHA DISTRICT,55,15718,7465,23183
SARGODHA DISTRICT,56,15846,6792,22638
SARGODHA DISTRICT,57,14899,5700,20599
SARGODHA DISTRICT,58,13048,6163,19211
SARGODHA DISTRICT,59,13663,5734,19397
SARGODHA DISTRICT,60,13009,5405,18414
SARGODHA DISTRICT,61,14455,5720,20175
SARGODHA DISTRICT,62,13398,5308,18706
SARGODHA DISTRICT,63,12902,5134,18036
SARGODHA DISTRICT,64,11565,4571,16136
SARGODHA DISTRICT,65,10616,4050,14666
SARGODHA DISTRICT,66,10715,3340,14055
SARGODHA DISTRICT,67,10510,3216,13726
SARGODHA DISTRICT,68,8558,3011,11569
SARGODHA DISTRICT,69,8277,2761,11038
SARGODHA DISTRICT,70,8108,2658,10766
SARGODHA DISTRICT,71,8770,2680,11450
SARGODHA DISTRICT,72,8030,2558,10588
SARGODHA DISTRICT,73,6510,2299,8809
SARGODHA DISTRICT,74,5278,1817,7095
SARGODHA DISTRICT,>=75,48021,14618,62639
SHAHEED BENAZIRABAD DISTRICT,<1,25738,10397,36135
SHAHEED BENAZIRABAD DISTRICT,1,30801,12093,42894
SHAHEED BENAZIRABAD DISTRICT,2,37237,13248,50485
SHAHEED BENAZIRABAD DISTRICT,3,41332,15133,56465
SHAHEED BENAZIRABAD DISTRICT,4,43319,14518,57837
SHAHEED BENAZIRABAD DISTRICT,5,42957,15223,58180
SHAHEED BENAZIRABAD DISTRICT,6,40593,14066,54659
SHAHEED BENAZIRABAD DISTRICT,7,36128,14404,50532
SHAHEED BENAZIRABAD DISTRICT,8,40465,13975,54440
SHAHEED BENAZIRABAD DISTRICT,9,31180,12801,43981
SHAHEED BENAZIRABAD DISTRICT,10,35311,12391,47702
SHAHEED BENAZIRABAD DISTRICT,11,24915,11366,36281
SHAHEED BENAZIRABAD DISTRICT,12,29123,11271,40394
SHAHEED BENAZIRABAD DISTRICT,13,22214,10553,32767
SHAHEED BENAZIRABAD DISTRICT,14,24092,10302,34394
SHAHEED BENAZIRABAD DISTRICT,15,24286,11080,35366
SHAHEED BENAZIRABAD DISTRICT,16,23425,10539,33964
SHAHEED BENAZIRABAD DISTRICT,17,19511,10639,30150
SHAHEED BENAZIRABAD DISTRICT,18,25074,10743,35817
SHAHEED BENAZIRABAD DISTRICT,19,18529,10376,28905
SHAHEED BENAZIRABAD DISTRICT,20,22868,10447,33315
SHAHEED BENAZIRABAD DISTRICT,21,15905,9760,25665
SHAHEED BENAZIRABAD DISTRICT,22,16406,9261,25667
SHAHEED BENAZIRABAD DISTRICT,23,13964,8687,22651
SHAHEED BENAZIRABAD DISTRICT,24,13724,7643,21367
SHAHEED BENAZIRABAD DISTRICT,25,17484,8271,25755
SHAHEED BENAZIRABAD DISTRICT,26,14433,7813,22246
SHAHEED BENAZIRABAD DISTRICT,27,15437,8083,23520
SHAHEED BENAZIRABAD DISTRICT,28,17003,8028,25031
SHAHEED BENAZIRABAD DISTRICT,29,17504,8191,25695
SHAHEED BENAZIRABAD DISTRICT,30,16633,7785,24418
SHAHEED BENAZIRABAD DISTRICT,31,17128,7744,24872
SHAHEED BENAZIRABAD DISTRICT,32,15400,7396,22796
SHAHEED BENAZIRABAD DISTRICT,33,14277,6875,21152
SHAHEED BENAZIRABAD DISTRICT,34,13316,6205,19521
SHAHEED BENAZIRABAD DISTRICT,35,13235,6049,19284
SHAHEED BENAZIRABAD DISTRICT,36,13112,5530,18642
SHAHEED BENAZIRABAD DISTRICT,37,14776,5995,20771
SHAHEED BENAZIRABAD DISTRICT,38,11446,5798,17244
SHAHEED BENAZIRABAD DISTRICT,39,12062,5873,17935
SHAHEED BENAZIRABAD DISTRICT,40,10911,5419,16330
SHAHEED BENAZIRABAD DISTRICT,41,11012,5064,16076
SHAHEED BENAZIRABAD DISTRICT,42,10226,5026,15252
SHAHEED BENAZIRABAD DISTRICT,43,9121,4619,13740
SHAHEED BENAZIRABAD DISTRICT,44,8930,4192,13122
SHAHEED BENAZIRABAD DISTRICT,45,8555,4255,12810
SHAHEED BENAZIRABAD DISTRICT,46,9055,3821,12876
SHAHEED BENAZIRABAD DISTRICT,47,10319,4116,14435
SHAHEED BENAZIRABAD DISTRICT,48,7740,3895,11635
SHAHEED BENAZIRABAD DISTRICT,49,8356,3911,12267
SHAHEED BENAZIRABAD DISTRICT,50,7167,3404,10571
SHAHEED BENAZIRABAD DISTRICT,51,7182,3455,10637
SHAHEED BENAZIRABAD DISTRICT,52,6088,3208,9296
SHAHEED BENAZIRABAD DISTRICT,53,5093,2811,7904
SHAHEED BENAZIRABAD DISTRICT,54,4326,2515,6841
SHAHEED BENAZIRABAD DISTRICT,55,4395,2399,6794
SHAHEED BENAZIRABAD DISTRICT,56,4434,2078,6512
SHAHEED BENAZIRABAD DISTRICT,57,5550,2339,7889
SHAHEED BENAZIRABAD DISTRICT,58,3784,1817,5601
SHAHEED BENAZIRABAD DISTRICT,59,3878,1884,5762
SHAHEED BENAZIRABAD DISTRICT,60,4135,1808,5943
SHAHEED BENAZIRABAD DISTRICT,61,4221,1885,6106
SHAHEED BENAZIRABAD DISTRICT,62,4172,1862,6034
SHAHEED BENAZIRABAD DISTRICT,63,3815,1777,5592
SHAHEED BENAZIRABAD DISTRICT,64,3723,1489,5212
SHAHEED BENAZIRABAD DISTRICT,65,3075,1374,4449
SHAHEED BENAZIRABAD DISTRICT,66,3335,1216,4551
SHAHEED BENAZIRABAD DISTRICT,67,3384,1200,4584
SHAHEED BENAZIRABAD DISTRICT,68,2466,1087,3553
SHAHEED BENAZIRABAD DISTRICT,69,2532,948,3480
SHAHEED BENAZIRABAD DISTRICT,70,2067,873,2940
SHAHEED BENAZIRABAD DISTRICT,71,2136,905,3041
SHAHEED BENAZIRABAD DISTRICT,72,1983,768,2751
SHAHEED BENAZIRABAD DISTRICT,73,1648,797,2445
SHAHEED BENAZIRABAD DISTRICT,74,1425,532,1957
SHAHEED BENAZIRABAD DISTRICT,>=75,11114,4509,15623
SHANGLA DISTRICT,<1,23044,0,23044
SHANGLA DISTRICT,1,24503,0,24503
SHANGLA DISTRICT,2,28602,0,28602
SHANGLA DISTRICT,3,28889,0,28889
SHANGLA DISTRICT,4,30680,0,30680
SHANGLA DISTRICT,5,28135,0,28135
SHANGLA DISTRICT,6,28218,0,28218
SHANGLA DISTRICT,7,26678,0,26678
SHANGLA DISTRICT,8,27949,0,27949
SHANGLA DISTRICT,9,25297,0,25297
SHANGLA DISTRICT,10,23989,0,23989
SHANGLA DISTRICT,11,20949,0,20949
SHANGLA DISTRICT,12,20695,0,20695
SHANGLA DISTRICT,13,18778,0,18778
SHANGLA DISTRICT,14,17248,0,17248
SHANGLA DISTRICT,15,16732,0,16732
SHANGLA DISTRICT,16,14897,0,14897
SHANGLA DISTRICT,17,14499,0,14499
SHANGLA DISTRICT,18,15244,0,15244
SHANGLA DISTRICT,19,13840,0,13840
SHANGLA DISTRICT,20,14900,0,14900
SHANGLA DISTRICT,21,12007,0,12007
SHANGLA DISTRICT,22,11516,0,11516
SHANGLA DISTRICT,23,10561,0,10561
SHANGLA DISTRICT,24,10192,0,10192
SHANGLA DISTRICT,25,12837,0,12837
SHANGLA DISTRICT,26,10886,0,10886
SHANGLA DISTRICT,27,10949,0,10949
SHANGLA DISTRICT,28,10241,0,10241
SHANGLA DISTRICT,29,10716,0,10716
SHANGLA DISTRICT,30,10790,0,10790
SHANGLA DISTRICT,31,9697,0,9697
SHANGLA DISTRICT,32,7940,0,7940
SHANGLA DISTRICT,33,7820,0,7820
SHANGLA DISTRICT,34,6704,0,6704
SHANGLA DISTRICT,35,8026,0,8026
SHANGLA DISTRICT,36,6858,0,6858
SHANGLA DISTRICT,37,7565,0,7565
SHANGLA DISTRICT,38,5995,0,5995
SHANGLA DISTRICT,39,6203,0,6203
SHANGLA DISTRICT,40,7193,0,7193
SHANGLA DISTRICT,41,6114,0,6114
SHANGLA DISTRICT,42,5369,0,5369
SHANGLA DISTRICT,43,5315,0,5315
SHANGLA DISTRICT,44,4474,0,4474
SHANGLA DISTRICT,45,4931,0,4931
SHANGLA DISTRICT,46,4258,0,4258
SHANGLA DISTRICT,47,4648,0,4648
SHANGLA DISTRICT,48,3932,0,3932
SHANGLA DISTRICT,49,3990,0,3990
SHANGLA DISTRICT,50,4710,0,4710
SHANGLA DISTRICT,51,3839,0,3839
SHANGLA DISTRICT,52,3122,0,3122
SHANGLA DISTRICT,53,3399,0,3399
SHANGLA DISTRICT,54,2913,0,2913
SHANGLA DISTRICT,55,3266,0,3266
SHANGLA DISTRICT,56,2474,0,2474
SHANGLA DISTRICT,57,2501,0,2501
SHANGLA DISTRICT,58,2555,0,2555
SHANGLA DISTRICT,59,2695,0,2695
SHANGLA DISTRICT,60,3172,0,3172
SHANGLA DISTRICT,61,2526,0,2526
SHANGLA DISTRICT,62,2209,0,2209
SHANGLA DISTRICT,63,2468,0,2468
SHANGLA DISTRICT,64,2437,0,2437
SHANGLA DISTRICT,65,2068,0,2068
SHANGLA DISTRICT,66,1685,0,1685
SHANGLA DISTRICT,67,1684,0,1684
SHANGLA DISTRICT,68,1678,0,1678
SHANGLA DISTRICT,69,1894,0,1894
SHANGLA DISTRICT,70,1707,0,1707
SHANGLA DISTRICT,71,1434,0,1434
SHANGLA DISTRICT,72,1184,0,1184
SHANGLA DISTRICT,73,1195,0,1195
SHANGLA DISTRICT,74,1164,0,1164
SHANGLA DISTRICT,>=75,8137,0,8137
SHEIKHUPURA DISTRICT,<1,51923,26566,78489
SHEIKHUPURA DISTRICT,1,56333,29019,85352
SHEIKHUPURA DISTRICT,2,57812,29271,87083
SHEIKHUPURA DISTRICT,3,62837,31571,94408
SHEIKHUPURA DISTRICT,4,60201,29645,89846
SHEIKHUPURA DISTRICT,5,61927,30053,91980
SHEIKHUPURA DISTRICT,6,60023,29143,89166
SHEIKHUPURA DISTRICT,7,62936,31667,94603
SHEIKHUPURA DISTRICT,8,60121,28198,88319
SHEIKHUPURA DISTRICT,9,58834,29907,88741
SHEIKHUPURA DISTRICT,10,57002,27014,84016
SHEIKHUPURA DISTRICT,11,55803,29194,84997
SHEIKHUPURA DISTRICT,12,53836,26559,80395
SHEIKHUPURA DISTRICT,13,52325,27285,79610
SHEIKHUPURA DISTRICT,14,51320,26028,77348
SHEIKHUPURA DISTRICT,15,50069,25756,75825
SHEIKHUPURA DISTRICT,16,51075,26154,77229
SHEIKHUPURA DISTRICT,17,48710,26774,75484
SHEIKHUPURA DISTRICT,18,49653,24962,74615
SHEIKHUPURA DISTRICT,19,47528,25824,73352
SHEIKHUPURA DISTRICT,20,47990,24119,72109
SHEIKHUPURA DISTRICT,21,45840,25742,71582
SHEIKHUPURA DISTRICT,22,46588,25588,72176
SHEIKHUPURA DISTRICT,23,41653,23653,65306
SHEIKHUPURA DISTRICT,24,39925,23246,63171
SHEIKHUPURA DISTRICT,25,40188,21100,61288
SHEIKHUPURA DISTRICT,26,37299,22177,59476
SHEIKHUPURA DISTRICT,27,33893,20317,54210
SHEIKHUPURA DISTRICT,28,36802,21428,58230
SHEIKHUPURA DISTRICT,29,31573,18389,49962
SHEIKHUPURA DISTRICT,30,37978,20440,58418
SHEIKHUPURA DISTRICT,31,29410,16998,46408
SHEIKHUPURA DISTRICT,32,31537,18531,50068
SHEIKHUPURA DISTRICT,33,28649,16710,45359
SHEIKHUPURA DISTRICT,34,25991,14926,40917
SHEIKHUPURA DISTRICT,35,32044,17327,49371
SHEIKHUPURA DISTRICT,36,25051,14372,39423
SHEIKHUPURA DISTRICT,37,23713,12789,36502
SHEIKHUPURA DISTRICT,38,27110,15974,43084
SHEIKHUPURA DISTRICT,39,24761,13680,38441
SHEIKHUPURA DISTRICT,40,29128,15919,45047
SHEIKHUPURA DISTRICT,41,21717,12500,34217
SHEIKHUPURA DISTRICT,42,20868,12106,32974
SHEIKHUPURA DISTRICT,43,19744,11473,31217
SHEIKHUPURA DISTRICT,44,17818,10388,28206
SHEIKHUPURA DISTRICT,45,21634,12006,33640
SHEIKHUPURA DISTRICT,46,15095,9101,24196
SHEIKHUPURA DISTRICT,47,15629,8523,24152
SHEIKHUPURA DISTRICT,48,17545,10143,27688
SHEIKHUPURA DISTRICT,49,16647,9658,26305
SHEIKHUPURA DISTRICT,50,20644,11494,32138
SHEIKHUPURA DISTRICT,51,15078,8728,23806
SHEIKHUPURA DISTRICT,52,15352,8929,24281
SHEIKHUPURA DISTRICT,53,14790,8501,23291
SHEIKHUPURA DISTRICT,54,13239,7824,21063
SHEIKHUPURA DISTRICT,55,14596,8481,23077
SHEIKHUPURA DISTRICT,56,10146,5934,16080
SHEIKHUPURA DISTRICT,57,9030,4918,13948
SHEIKHUPURA DISTRICT,58,9861,5777,15638
SHEIKHUPURA DISTRICT,59,9176,5350,14526
SHEIKHUPURA DISTRICT,60,12143,6300,18443
SHEIKHUPURA DISTRICT,61,8274,4630,12904
SHEIKHUPURA DISTRICT,62,8127,4621,12748
SHEIKHUPURA DISTRICT,63,8131,4710,12841
SHEIKHUPURA DISTRICT,64,7273,3977,11250
SHEIKHUPURA DISTRICT,65,9086,4535,13621
SHEIKHUPURA DISTRICT,66,5098,2702,7800
SHEIKHUPURA DISTRICT,67,4399,2320,6719
SHEIKHUPURA DISTRICT,68,5457,2790,8247
SHEIKHUPURA DISTRICT,69,4972,2456,7428
SHEIKHUPURA DISTRICT,70,7607,3385,10992
SHEIKHUPURA DISTRICT,71,4795,2213,7008
SHEIKHUPURA DISTRICT,72,4639,2201,6840
SHEIKHUPURA DISTRICT,73,4415,2151,6566
SHEIKHUPURA DISTRICT,74,4121,1809,5930
SHEIKHUPURA DISTRICT,>=75,33954,14864,48818
SHERANI DISTRICT,<1,7231,0,7231
SHERANI DISTRICT,1,6945,0,6945
SHERANI DISTRICT,2,7956,0,7956
SHERANI DISTRICT,3,6861,0,6861
SHERANI DISTRICT,4,7401,0,7401
SHERANI DISTRICT,5,6333,0,6333
SHERANI DISTRICT,6,6954,0,6954
SHERANI DISTRICT,7,6004,0,6004
SHERANI DISTRICT,8,6470,0,6470
SHERANI DISTRICT,9,6255,0,6255
SHERANI DISTRICT,10,5485,0,5485
SHERANI DISTRICT,11,4922,0,4922
SHERANI DISTRICT,12,4347,0,4347
SHERANI DISTRICT,13,4219,0,4219
SHERANI DISTRICT,14,3809,0,3809
SHERANI DISTRICT,15,3591,0,3591
SHERANI DISTRICT,16,3074,0,3074
SHERANI DISTRICT,17,3234,0,3234
SHERANI DISTRICT,18,2520,0,2520
SHERANI DISTRICT,19,2617,0,2617
SHERANI DISTRICT,20,2173,0,2173
SHERANI DISTRICT,21,2222,0,2222
SHERANI DISTRICT,22,1751,0,1751
SHERANI DISTRICT,23,1861,0,1861
SHERANI DISTRICT,24,1739,0,1739
SHERANI DISTRICT,25,1798,0,1798
SHERANI DISTRICT,26,1888,0,1888
SHERANI DISTRICT,27,2046,0,2046
SHERANI DISTRICT,28,1589,0,1589
SHERANI DISTRICT,29,1894,0,1894
SHERANI DISTRICT,30,1302,0,1302
SHERANI DISTRICT,31,1434,0,1434
SHERANI DISTRICT,32,1257,0,1257
SHERANI DISTRICT,33,1254,0,1254
SHERANI DISTRICT,34,957,0,957
SHERANI DISTRICT,35,968,0,968
SHERANI DISTRICT,36,848,0,848
SHERANI DISTRICT,37,1221,0,1221
SHERANI DISTRICT,38,1016,0,1016
SHERANI DISTRICT,39,979,0,979
SHERANI DISTRICT,40,899,0,899
SHERANI DISTRICT,41,770,0,770
SHERANI DISTRICT,42,784,0,784
SHERANI DISTRICT,43,658,0,658
SHERANI DISTRICT,44,653,0,653
SHERANI DISTRICT,45,591,0,591
SHERANI DISTRICT,46,539,0,539
SHERANI DISTRICT,47,845,0,845
SHERANI DISTRICT,48,580,0,580
SHERANI DISTRICT,49,647,0,647
SHERANI DISTRICT,50,483,0,483
SHERANI DISTRICT,51,540,0,540
SHERANI DISTRICT,52,522,0,522
SHERANI DISTRICT,53,562,0,562
SHERANI DISTRICT,54,450,0,450
SHERANI DISTRICT,55,332,0,332
SHERANI DISTRICT,56,355,0,355
SHERANI DISTRICT,57,510,0,510
SHERANI DISTRICT,58,331,0,331
SHERANI DISTRICT,59,429,0,429
SHERANI DISTRICT,60,292,0,292
SHERANI DISTRICT,61,318,0,318
SHERANI DISTRICT,62,305,0,305
SHERANI DISTRICT,63,315,0,315
SHERANI DISTRICT,64,408,0,408
SHERANI DISTRICT,65,205,0,205
SHERANI DISTRICT,66,233,0,233
SHERANI DISTRICT,67,351,0,351
SHERANI DISTRICT,68,217,0,217
SHERANI DISTRICT,69,447,0,447
SHERANI DISTRICT,70,137,0,137
SHERANI DISTRICT,71,193,0,193
SHERANI DISTRICT,72,160,0,160
SHERANI DISTRICT,73,134,0,134
SHERANI DISTRICT,74,259,0,259
SHERANI DISTRICT,>=75,1073,0,1073
SHIKARPUR DISTRICT,<1,22307,6308,28615
SHIKARPUR DISTRICT,1,28997,7448,36445
SHIKARPUR DISTRICT,2,35944,8450,44394
SHIKARPUR DISTRICT,3,37869,9965,47834
SHIKARPUR DISTRICT,4,39371,9366,48737
SHIKARPUR DISTRICT,5,37653,9764,47417
SHIKARPUR DISTRICT,6,37525,8249,45774
SHIKARPUR DISTRICT,7,35004,9661,44665
SHIKARPUR DISTRICT,8,38217,8663,46880
SHIKARPUR DISTRICT,9,29712,8412,38124
SHIKARPUR DISTRICT,10,32643,7708,40351
SHIKARPUR DISTRICT,11,22528,7257,29785
SHIKARPUR DISTRICT,12,25242,6940,32182
SHIKARPUR DISTRICT,13,19341,6850,26191
SHIKARPUR DISTRICT,14,20259,6671,26930
SHIKARPUR DISTRICT,15,19504,7087,26591
SHIKARPUR DISTRICT,16,18794,6889,25683
SHIKARPUR DISTRICT,17,16867,7376,24243
SHIKARPUR DISTRICT,18,19664,7293,26957
SHIKARPUR DISTRICT,19,15158,6432,21590
SHIKARPUR DISTRICT,20,17574,5947,23521
SHIKARPUR DISTRICT,21,12602,5560,18162
SHIKARPUR DISTRICT,22,12510,5527,18037
SHIKARPUR DISTRICT,23,10748,4988,15736
SHIKARPUR DISTRICT,24,10421,4501,14922
SHIKARPUR DISTRICT,25,13808,4945,18753
SHIKARPUR DISTRICT,26,10529,4442,14971
SHIKARPUR DISTRICT,27,11492,4771,16263
SHIKARPUR DISTRICT,28,12362,4718,17080
SHIKARPUR DISTRICT,29,12669,4951,17620
SHIKARPUR DISTRICT,30,13317,4724,18041
SHIKARPUR DISTRICT,31,11626,4798,16424
SHIKARPUR DISTRICT,32,11151,4479,15630
SHIKARPUR DISTRICT,33,10201,4174,14375
SHIKARPUR DISTRICT,34,8908,3646,12554
SHIKARPUR DISTRICT,35,10852,3783,14635
SHIKARPUR DISTRICT,36,8944,3257,12201
SHIKARPUR DISTRICT,37,11840,3729,15569
SHIKARPUR DISTRICT,38,9771,3643,13414
SHIKARPUR DISTRICT,39,9970,3457,13427
SHIKARPUR DISTRICT,40,9258,3439,12697
SHIKARPUR DISTRICT,41,7368,2968,10336
SHIKARPUR DISTRICT,42,7978,2971,10949
SHIKARPUR DISTRICT,43,6124,2768,8892
SHIKARPUR DISTRICT,44,5733,2530,8263
SHIKARPUR DISTRICT,45,6496,2444,8940
SHIKARPUR DISTRICT,46,5193,2148,7341
SHIKARPUR DISTRICT,47,6833,2468,9301
SHIKARPUR DISTRICT,48,5670,2397,8067
SHIKARPUR DISTRICT,49,5773,2334,8107
SHIKARPUR DISTRICT,50,5943,2197,8140
SHIKARPUR DISTRICT,51,4635,2004,6639
SHIKARPUR DISTRICT,52,5032,1977,7009
SHIKARPUR DISTRICT,53,3787,1718,5505
SHIKARPUR DISTRICT,54,3696,1487,5183
SHIKARPUR DISTRICT,55,4242,1626,5868
SHIKARPUR DISTRICT,56,3108,1345,4453
SHIKARPUR DISTRICT,57,4263,1481,5744
SHIKARPUR DISTRICT,58,2955,1307,4262
SHIKARPUR DISTRICT,59,3213,1378,4591
SHIKARPUR DISTRICT,60,3551,1230,4781
SHIKARPUR DISTRICT,61,2598,1142,3740
SHIKARPUR DISTRICT,62,3062,1169,4231
SHIKARPUR DISTRICT,63,2387,1127,3514
SHIKARPUR DISTRICT,64,2545,1043,3588
SHIKARPUR DISTRICT,65,2403,862,3265
SHIKARPUR DISTRICT,66,1907,756,2663
SHIKARPUR DISTRICT,67,2388,745,3133
SHIKARPUR DISTRICT,68,1533,700,2233
SHIKARPUR DISTRICT,69,1832,676,2508
SHIKARPUR DISTRICT,70,1607,540,2147
SHIKARPUR DISTRICT,71,1374,479,1853
SHIKARPUR DISTRICT,72,1452,498,1950
SHIKARPUR DISTRICT,73,1054,427,1481
SHIKARPUR DISTRICT,74,1058,395,1453
SHIKARPUR DISTRICT,>=75,7374,2836,10210
SIALKOT DISTRICT,<1,67980,25287,93267
SIALKOT DISTRICT,1,69695,26887,96582
SIALKOT DISTRICT,2,68872,26108,94980
SIALKOT DISTRICT,3,73274,27726,101000
SIALKOT DISTRICT,4,70140,25881,96021
SIALKOT DISTRICT,5,70284,26413,96697
SIALKOT DISTRICT,6,70245,26231,96476
SIALKOT DISTRICT,7,74224,27852,102076
SIALKOT DISTRICT,8,67583,25179,92762
SIALKOT DISTRICT,9,73610,27914,101524
SIALKOT DISTRICT,10,64694,23704,88398
SIALKOT DISTRICT,11,72413,28057,100470
SIALKOT DISTRICT,12,62856,23393,86249
SIALKOT DISTRICT,13,67661,25727,93388
SIALKOT DISTRICT,14,63410,23614,87024
SIALKOT DISTRICT,15,63210,23921,87131
SIALKOT DISTRICT,16,64854,24375,89229
SIALKOT DISTRICT,17,62458,24755,87213
SIALKOT DISTRICT,18,55727,21222,76949
SIALKOT DISTRICT,19,60971,24104,85075
SIALKOT DISTRICT,20,51845,20177,72022
SIALKOT DISTRICT,21,58078,24747,82825
SIALKOT DISTRICT,22,52338,21535,73873
SIALKOT DISTRICT,23,50988,22826,73814
SIALKOT DISTRICT,24,49594,22445,72039
SIALKOT DISTRICT,25,41082,18012,59094
SIALKOT DISTRICT,26,46209,22058,68267
SIALKOT DISTRICT,27,41492,20823,62315
SIALKOT DISTRICT,28,41526,19741,61267
SIALKOT DISTRICT,29,38399,19078,57477
SIALKOT DISTRICT,30,39091,17776,56867
SIALKOT DISTRICT,31,36857,18262,55119
SIALKOT DISTRICT,32,36027,17942,53969
SIALKOT DISTRICT,33,34772,17164,51936
SIALKOT DISTRICT,34,32811,16165,48976
SIALKOT DISTRICT,35,31697,14424,46121
SIALKOT DISTRICT,36,33743,15622,49365
SIALKOT DISTRICT,37,28350,13462,41812
SIALKOT DISTRICT,38,32383,16059,48442
SIALKOT DISTRICT,39,29240,13980,43220
SIALKOT DISTRICT,40,29406,14053,43459
SIALKOT DISTRICT,41,27533,12794,40327
SIALKOT DISTRICT,42,25003,12455,37458
SIALKOT DISTRICT,43,24588,11957,36545
SIALKOT DISTRICT,44,23295,11222,34517
SIALKOT DISTRICT,45,22132,10257,32389
SIALKOT DISTRICT,46,22193,9996,32189
SIALKOT DISTRICT,47,19395,8707,28102
SIALKOT DISTRICT,48,22406,10319,32725
SIALKOT DISTRICT,49,21436,9422,30858
SIALKOT DISTRICT,50,21998,10419,32417
SIALKOT DISTRICT,51,21187,9179,30366
SIALKOT DISTRICT,52,20549,9159,29708
SIALKOT DISTRICT,53,19730,9074,28804
SIALKOT DISTRICT,54,18342,8481,26823
SIALKOT DISTRICT,55,16290,7645,23935
SIALKOT DISTRICT,56,15410,7052,22462
SIALKOT DISTRICT,57,12553,5489,18042
SIALKOT DISTRICT,58,14130,6158,20288
SIALKOT DISTRICT,59,12843,5719,18562
SIALKOT DISTRICT,60,13900,6048,19948
SIALKOT DISTRICT,61,13152,5545,18697
SIALKOT DISTRICT,62,12300,5351,17651
SIALKOT DISTRICT,63,12177,5302,17479
SIALKOT DISTRICT,64,10935,4764,15699
SIALKOT DISTRICT,65,10336,4406,14742
SIALKOT DISTRICT,66,8415,3482,11897
SIALKOT DISTRICT,67,7347,2933,10280
SIALKOT DISTRICT,68,8377,3355,11732
SIALKOT DISTRICT,69,7923,3075,10998
SIALKOT DISTRICT,70,9244,3463,12707
SIALKOT DISTRICT,71,7218,2790,10008
SIALKOT DISTRICT,72,7136,2749,9885
SIALKOT DISTRICT,73,6796,2586,9382
SIALKOT DISTRICT,74,5953,2180,8133
SIALKOT DISTRICT,>=75,48092,16301,64393
SIBI DISTRICT,<1,2922,1434,4356
SIBI DISTRICT,1,3618,1605,5223
SIBI DISTRICT,2,4077,1831,5908
SIBI DISTRICT,3,4450,1907,6357
SIBI DISTRICT,4,4266,1720,5986
SIBI DISTRICT,5,4152,1883,6035
SIBI DISTRICT,6,3916,1689,5605
SIBI DISTRICT,7,4043,1961,6004
SIBI DISTRICT,8,3960,1693,5653
SIBI DISTRICT,9,3274,1810,5084
SIBI DISTRICT,10,3431,1461,4892
SIBI DISTRICT,11,2530,1591,4121
SIBI DISTRICT,12,2609,1396,4005
SIBI DISTRICT,13,2260,1471,3731
SIBI DISTRICT,14,2095,1364,3459
SIBI DISTRICT,15,2114,1397,3511
SIBI DISTRICT,16,2047,1381,3428
SIBI DISTRICT,17,1912,1442,3354
SIBI DISTRICT,18,2358,1272,3630
SIBI DISTRICT,19,2051,1362,3413
SIBI DISTRICT,20,2169,1194,3363
SIBI DISTRICT,21,2018,1382,3400
SIBI DISTRICT,22,1693,1100,2793
SIBI DISTRICT,23,1812,1088,2900
SIBI DISTRICT,24,1573,1125,2698
SIBI DISTRICT,25,1829,958,2787
SIBI DISTRICT,26,1562,1004,2566
SIBI DISTRICT,27,1939,1306,3245
SIBI DISTRICT,28,1577,1009,2586
SIBI DISTRICT,29,1842,1174,3016
SIBI DISTRICT,30,1618,792,2410
SIBI DISTRICT,31,1675,1144,2819
SIBI DISTRICT,32,1581,984,2565
SIBI DISTRICT,33,1452,940,2392
SIBI DISTRICT,34,1291,856,2147
SIBI DISTRICT,35,1460,663,2123
SIBI DISTRICT,36,1192,752,1944
SIBI DISTRICT,37,1674,1007,2681
SIBI DISTRICT,38,1116,731,1847
SIBI DISTRICT,39,1289,818,2107
SIBI DISTRICT,40,1034,558,1592
SIBI DISTRICT,41,1001,662,1663
SIBI DISTRICT,42,1015,602,1617
SIBI DISTRICT,43,812,581,1393
SIBI DISTRICT,44,790,531,1321
SIBI DISTRICT,45,803,438,1241
SIBI DISTRICT,46,798,484,1282
SIBI DISTRICT,47,1109,735,1844
SIBI DISTRICT,48,762,470,1232
SIBI DISTRICT,49,900,598,1498
SIBI DISTRICT,50,729,423,1152
SIBI DISTRICT,51,782,584,1366
SIBI DISTRICT,52,740,510,1250
SIBI DISTRICT,53,595,436,1031
SIBI DISTRICT,54,519,318,837
SIBI DISTRICT,55,442,296,738
SIBI DISTRICT,56,470,327,797
SIBI DISTRICT,57,670,394,1064
SIBI DISTRICT,58,366,262,628
SIBI DISTRICT,59,456,346,802
SIBI DISTRICT,60,455,253,708
SIBI DISTRICT,61,531,350,881
SIBI DISTRICT,62,429,314,743
SIBI DISTRICT,63,402,281,683
SIBI DISTRICT,64,289,236,525
SIBI DISTRICT,65,297,147,444
SIBI DISTRICT,66,379,222,601
SIBI DISTRICT,67,380,193,573
SIBI DISTRICT,68,215,130,345
SIBI DISTRICT,69,254,141,395
SIBI DISTRICT,70,194,114,308
SIBI DISTRICT,71,294,132,426
SIBI DISTRICT,72,181,135,316
SIBI DISTRICT,73,147,81,228
SIBI DISTRICT,74,132,64,196
SIBI DISTRICT,>=75,1258,629,1887
SOHBATPUR DISTRICT,<1,5256,277,5533
SOHBATPUR DISTRICT,1,7966,381,8347
SOHBATPUR DISTRICT,2,8207,437,8644
SOHBATPUR DISTRICT,3,8305,455,8760
SOHBATPUR DISTRICT,4,8318,448,8766
SOHBATPUR DISTRICT,5,7641,469,8110
SOHBATPUR DISTRICT,6,7648,446,8094
SOHBATPUR DISTRICT,7,7594,521,8115
SOHBATPUR DISTRICT,8,7356,472,7828
SOHBATPUR DISTRICT,9,6178,420,6598
SOHBATPUR DISTRICT,10,6080,412,6492
SOHBATPUR DISTRICT,11,4419,369,4788
SOHBATPUR DISTRICT,12,4415,354,4769
SOHBATPUR DISTRICT,13,3628,309,3937
SOHBATPUR DISTRICT,14,3459,273,3732
SOHBATPUR DISTRICT,15,3172,296,3468
SOHBATPUR DISTRICT,16,3097,266,3363
SOHBATPUR DISTRICT,17,3333,266,3599
SOHBATPUR DISTRICT,18,3965,266,4231
SOHBATPUR DISTRICT,19,3458,258,3716
SOHBATPUR DISTRICT,20,2990,191,3181
SOHBATPUR DISTRICT,21,2632,202,2834
SOHBATPUR DISTRICT,22,2179,189,2368
SOHBATPUR DISTRICT,23,2282,189,2471
SOHBATPUR DISTRICT,24,2193,168,2361
SOHBATPUR DISTRICT,25,2380,163,2543
SOHBATPUR DISTRICT,26,2055,178,2233
SOHBATPUR DISTRICT,27,2785,212,2997
SOHBATPUR DISTRICT,28,2112,174,2286
SOHBATPUR DISTRICT,29,2913,210,3123
SOHBATPUR DISTRICT,30,2158,147,2305
SOHBATPUR DISTRICT,31,2416,181,2597
SOHBATPUR DISTRICT,32,2299,207,2506
SOHBATPUR DISTRICT,33,1940,121,2061
SOHBATPUR DISTRICT,34,1927,119,2046
SOHBATPUR DISTRICT,35,1926,149,2075
SOHBATPUR DISTRICT,36,1729,113,1842
SOHBATPUR DISTRICT,37,2826,212,3038
SOHBATPUR DISTRICT,38,1691,114,1805
SOHBATPUR DISTRICT,39,2244,165,2409
SOHBATPUR DISTRICT,40,1453,87,1540
SOHBATPUR DISTRICT,41,1463,98,1561
SOHBATPUR DISTRICT,42,1572,120,1692
SOHBATPUR DISTRICT,43,1193,80,1273
SOHBATPUR DISTRICT,44,1092,69,1161
SOHBATPUR DISTRICT,45,1003,62,1065
SOHBATPUR DISTRICT,46,951,63,1014
SOHBATPUR DISTRICT,47,1684,129,1813
SOHBATPUR DISTRICT,48,1037,59,1096
SOHBATPUR DISTRICT,49,1179,109,1288
SOHBATPUR DISTRICT,50,919,79,998
SOHBATPUR DISTRICT,51,1017,92,1109
SOHBATPUR DISTRICT,52,1133,93,1226
SOHBATPUR DISTRICT,53,813,73,886
SOHBATPUR DISTRICT,54,732,65,797
SOHBATPUR DISTRICT,55,641,49,690
SOHBATPUR DISTRICT,56,561,47,608
SOHBATPUR DISTRICT,57,1147,88,1235
SOHBATPUR DISTRICT,58,552,41,593
SOHBATPUR DISTRICT,59,619,49,668
SOHBATPUR DISTRICT,60,555,48,603
SOHBATPUR DISTRICT,61,508,36,544
SOHBATPUR DISTRICT,62,647,53,700
SOHBATPUR DISTRICT,63,467,33,500
SOHBATPUR DISTRICT,64,471,29,500
SOHBATPUR DISTRICT,65,426,27,453
SOHBATPUR DISTRICT,66,338,31,369
SOHBATPUR DISTRICT,67,668,46,714
SOHBATPUR DISTRICT,68,288,22,310
SOHBATPUR DISTRICT,69,372,25,397
SOHBATPUR DISTRICT,70,272,16,288
SOHBATPUR DISTRICT,71,277,18,295
SOHBATPUR DISTRICT,72,304,10,314
SOHBATPUR DISTRICT,73,206,9,215
SOHBATPUR DISTRICT,74,219,10,229
SOHBATPUR DISTRICT,>=75,1608,103,1711
SOUTH WAZIRISTAN AGENCY,<1,17336,0,17336
SOUTH WAZIRISTAN AGENCY,1,22497,0,22497
SOUTH WAZIRISTAN AGENCY,2,26695,0,26695
SOUTH WAZIRISTAN AGENCY,3,27009,0,27009
SOUTH WAZIRISTAN AGENCY,4,27301,0,27301
SOUTH WAZIRISTAN AGENCY,5,25720,0,25720
SOUTH WAZIRISTAN AGENCY,6,26340,0,26340
SOUTH WAZIRISTAN AGENCY,7,23918,0,23918
SOUTH WAZIRISTAN AGENCY,8,25494,0,25494
SOUTH WAZIRISTAN AGENCY,9,23053,0,23053
SOUTH WAZIRISTAN AGENCY,10,21867,0,21867
SOUTH WAZIRISTAN AGENCY,11,18688,0,18688
SOUTH WAZIRISTAN AGENCY,12,18404,0,18404
SOUTH WAZIRISTAN AGENCY,13,16417,0,16417
SOUTH WAZIRISTAN AGENCY,14,14787,0,14787
SOUTH WAZIRISTAN AGENCY,15,14346,0,14346
SOUTH WAZIRISTAN AGENCY,16,12060,0,12060
SOUTH WAZIRISTAN AGENCY,17,10376,0,10376
SOUTH WAZIRISTAN AGENCY,18,12974,0,12974
SOUTH WAZIRISTAN AGENCY,19,12623,0,12623
SOUTH WAZIRISTAN AGENCY,20,12488,0,12488
SOUTH WAZIRISTAN AGENCY,21,11782,0,11782
SOUTH WAZIRISTAN AGENCY,22,10411,0,10411
SOUTH WAZIRISTAN AGENCY,23,10643,0,10643
SOUTH WAZIRISTAN AGENCY,24,9264,0,9264
SOUTH WAZIRISTAN AGENCY,25,10930,0,10930
SOUTH WAZIRISTAN AGENCY,26,9415,0,9415
SOUTH WAZIRISTAN AGENCY,27,10652,0,10652
SOUTH WAZIRISTAN AGENCY,28,9176,0,9176
SOUTH WAZIRISTAN AGENCY,29,8701,0,8701
SOUTH WAZIRISTAN AGENCY,30,9042,0,9042
SOUTH WAZIRISTAN AGENCY,31,8386,0,8386
SOUTH WAZIRISTAN AGENCY,32,7219,0,7219
SOUTH WAZIRISTAN AGENCY,33,7366,0,7366
SOUTH WAZIRISTAN AGENCY,34,6512,0,6512
SOUTH WAZIRISTAN AGENCY,35,6827,0,6827
SOUTH WAZIRISTAN AGENCY,36,5837,0,5837
SOUTH WAZIRISTAN AGENCY,37,6656,0,6656
SOUTH WAZIRISTAN AGENCY,38,6040,0,6040
SOUTH WAZIRISTAN AGENCY,39,5817,0,5817
SOUTH WAZIRISTAN AGENCY,40,6678,0,6678
SOUTH WAZIRISTAN AGENCY,41,5580,0,5580
SOUTH WAZIRISTAN AGENCY,42,4604,0,4604
SOUTH WAZIRISTAN AGENCY,43,4754,0,4754
SOUTH WAZIRISTAN AGENCY,44,3967,0,3967
SOUTH WAZIRISTAN AGENCY,45,4182,0,4182
SOUTH WAZIRISTAN AGENCY,46,3691,0,3691
SOUTH WAZIRISTAN AGENCY,47,4219,0,4219
SOUTH WAZIRISTAN AGENCY,48,3554,0,3554
SOUTH WAZIRISTAN AGENCY,49,3425,0,3425
SOUTH WAZIRISTAN AGENCY,50,4300,0,4300
SOUTH WAZIRISTAN AGENCY,51,3404,0,3404
SOUTH WAZIRISTAN AGENCY,52,3111,0,3111
SOUTH WAZIRISTAN AGENCY,53,3106,0,3106
SOUTH WAZIRISTAN AGENCY,54,2752,0,2752
SOUTH WAZIRISTAN AGENCY,55,3102,0,3102
SOUTH WAZIRISTAN AGENCY,56,2641,0,2641
SOUTH WAZIRISTAN AGENCY,57,3010,0,3010
SOUTH WAZIRISTAN AGENCY,58,2256,0,2256
SOUTH WAZIRISTAN AGENCY,59,2227,0,2227
SOUTH WAZIRISTAN AGENCY,60,2682,0,2682
SOUTH WAZIRISTAN AGENCY,61,2385,0,2385
SOUTH WAZIRISTAN AGENCY,62,2333,0,2333
SOUTH WAZIRISTAN AGENCY,63,2200,0,2200
SOUTH WAZIRISTAN AGENCY,64,1911,0,1911
SOUTH WAZIRISTAN AGENCY,65,1671,0,1671
SOUTH WAZIRISTAN AGENCY,66,1621,0,1621
SOUTH WAZIRISTAN AGENCY,67,1940,0,1940
SOUTH WAZIRISTAN AGENCY,68,1321,0,1321
SOUTH WAZIRISTAN AGENCY,69,1254,0,1254
SOUTH WAZIRISTAN AGENCY,70,1112,0,1112
SOUTH WAZIRISTAN AGENCY,71,1050,0,1050
SOUTH WAZIRISTAN AGENCY,72,952,0,952
SOUTH WAZIRISTAN AGENCY,73,845,0,845
SOUTH WAZIRISTAN AGENCY,74,689,0,689
SOUTH WAZIRISTAN AGENCY,>=75,5617,0,5617
SUJAWAL DISTRICT,<1,15653,1492,17145
SUJAWAL DISTRICT,1,17731,2296,20027
SUJAWAL DISTRICT,2,23822,2386,26208
SUJAWAL DISTRICT,3,25600,2748,28348
SUJAWAL DISTRICT,4,26836,2596,29432
SUJAWAL DISTRICT,5,26150,2782,28932
SUJAWAL DISTRICT,6,26171,2447,28618
SUJAWAL DISTRICT,7,21019,2521,23540
SUJAWAL DISTRICT,8,27031,2505,29536
SUJAWAL DISTRICT,9,17438,2255,19693
SUJAWAL DISTRICT,10,24608,2143,26751
SUJAWAL DISTRICT,11,14032,1895,15927
SUJAWAL DISTRICT,12,18665,1956,20621
SUJAWAL DISTRICT,13,12259,1681,13940
SUJAWAL DISTRICT,14,13837,1688,15525
SUJAWAL DISTRICT,15,14023,1766,15789
SUJAWAL DISTRICT,16,13609,1681,15290
SUJAWAL DISTRICT,17,10321,1735,12056
SUJAWAL DISTRICT,18,15834,1794,17628
SUJAWAL DISTRICT,19,10509,1641,12150
SUJAWAL DISTRICT,20,15134,1724,16858
SUJAWAL DISTRICT,21,8968,1539,10507
SUJAWAL DISTRICT,22,10936,1534,12470
SUJAWAL DISTRICT,23,8624,1436,10060
SUJAWAL DISTRICT,24,8088,1338,9426
SUJAWAL DISTRICT,25,12822,1474,14296
SUJAWAL DISTRICT,26,8820,1364,10184
SUJAWAL DISTRICT,27,9478,1399,10877
SUJAWAL DISTRICT,28,10124,1431,11555
SUJAWAL DISTRICT,29,9935,1355,11290
SUJAWAL DISTRICT,30,11448,1368,12816
SUJAWAL DISTRICT,31,9154,1403,10557
SUJAWAL DISTRICT,32,9223,1362,10585
SUJAWAL DISTRICT,33,8392,1255,9647
SUJAWAL DISTRICT,34,7207,1085,8292
SUJAWAL DISTRICT,35,9423,1176,10599
SUJAWAL DISTRICT,36,7059,892,7951
SUJAWAL DISTRICT,37,9068,1105,10173
SUJAWAL DISTRICT,38,7407,1023,8430
SUJAWAL DISTRICT,39,7963,1111,9074
SUJAWAL DISTRICT,40,8241,1024,9265
SUJAWAL DISTRICT,41,6897,920,7817
SUJAWAL DISTRICT,42,6354,885,7239
SUJAWAL DISTRICT,43,6100,817,6917
SUJAWAL DISTRICT,44,5649,775,6424
SUJAWAL DISTRICT,45,5876,742,6618
SUJAWAL DISTRICT,46,4985,661,5646
SUJAWAL DISTRICT,47,5515,701,6216
SUJAWAL DISTRICT,48,4802,647,5449
SUJAWAL DISTRICT,49,5041,697,5738
SUJAWAL DISTRICT,50,5125,625,5750
SUJAWAL DISTRICT,51,4013,571,4584
SUJAWAL DISTRICT,52,3752,529,4281
SUJAWAL DISTRICT,53,3189,518,3707
SUJAWAL DISTRICT,54,2997,486,3483
SUJAWAL DISTRICT,55,3253,475,3728
SUJAWAL DISTRICT,56,2511,339,2850
SUJAWAL DISTRICT,57,3031,377,3408
SUJAWAL DISTRICT,58,2303,398,2701
SUJAWAL DISTRICT,59,2765,406,3171
SUJAWAL DISTRICT,60,3192,391,3583
SUJAWAL DISTRICT,61,2533,353,2886
SUJAWAL DISTRICT,62,2466,346,2812
SUJAWAL DISTRICT,63,2379,329,2708
SUJAWAL DISTRICT,64,2604,317,2921
SUJAWAL DISTRICT,65,2277,303,2580
SUJAWAL DISTRICT,66,1873,260,2133
SUJAWAL DISTRICT,67,1701,200,1901
SUJAWAL DISTRICT,68,1579,240,1819
SUJAWAL DISTRICT,69,1869,202,2071
SUJAWAL DISTRICT,70,1773,188,1961
SUJAWAL DISTRICT,71,1390,170,1560
SUJAWAL DISTRICT,72,1187,141,1328
SUJAWAL DISTRICT,73,1114,141,1255
SUJAWAL DISTRICT,74,1146,123,1269
SUJAWAL DISTRICT,>=75,7663,817,8480
SUKKUR DISTRICT,<1,19120,15421,34541
SUKKUR DISTRICT,1,22944,18062,41006
SUKKUR DISTRICT,2,27636,20180,47816
SUKKUR DISTRICT,3,28998,22327,51325
SUKKUR DISTRICT,4,30585,21484,52069
SUKKUR DISTRICT,5,29693,21962,51655
SUKKUR DISTRICT,6,29451,20193,49644
SUKKUR DISTRICT,7,25800,21040,46840
SUKKUR DISTRICT,8,30450,20093,50543
SUKKUR DISTRICT,9,22893,18781,41674
SUKKUR DISTRICT,10,26502,18156,44658
SUKKUR DISTRICT,11,17998,16748,34746
SUKKUR DISTRICT,12,20637,16769,37406
SUKKUR DISTRICT,13,15860,15118,30978
SUKKUR DISTRICT,14,17078,14749,31827
SUKKUR DISTRICT,Under 15,365645,281083,646728
SUKKUR DISTRICT,15,16951,15716,32667
SUKKUR DISTRICT,16,16015,15191,31206
SUKKUR DISTRICT,17,14207,15551,29758
SUKKUR DISTRICT,18,18284,16151,34435
SUKKUR DISTRICT,19,13991,15298,29289
SUKKUR DISTRICT,20,16115,14632,30747
SUKKUR DISTRICT,21,11505,13706,25211
SUKKUR DISTRICT,22,11892,13663,25555
SUKKUR DISTRICT,23,9897,12702,22599
SUKKUR DISTRICT,24,9663,12456,22119
SUKKUR DISTRICT,25,12629,12474,25103
SUKKUR DISTRICT,26,9276,12034,21310
SUKKUR DISTRICT,27,10100,12249,22349
SUKKUR DISTRICT,28,10906,13069,23975
SUKKUR DISTRICT,29,10548,11741,22289
SUKKUR DISTRICT,30,11741,12383,24124
SUKKUR DISTRICT,31,9368,11679,21047
SUKKUR DISTRICT,32,9163,10975,20138
SUKKUR DISTRICT,33,8529,10363,18892
SUKKUR DISTRICT,34,8077,9560,17637
SUKKUR DISTRICT,35,9738,10024,19762
SUKKUR DISTRICT,36,7702,8518,16220
SUKKUR DISTRICT,37,8957,8317,17274
SUKKUR DISTRICT,38,7708,9609,17317
SUKKUR DISTRICT,39,7496,8396,15892
SUKKUR DISTRICT,40,7805,9106,16911
SUKKUR DISTRICT,41,6135,7125,13260
SUKKUR DISTRICT,42,5959,7167,13126
SUKKUR DISTRICT,43,5449,6607,12056
SUKKUR DISTRICT,44,5154,5849,11003
SUKKUR DISTRICT,45,6046,6494,12540
SUKKUR DISTRICT,46,4269,4936,9205
SUKKUR DISTRICT,47,5084,5112,10196
SUKKUR DISTRICT,48,4743,5710,10453
SUKKUR DISTRICT,49,4639,5230,9869
SUKKUR DISTRICT,50,5243,5687,10930
SUKKUR DISTRICT,51,3843,4541,8384
SUKKUR DISTRICT,52,3704,4400,8104
SUKKUR DISTRICT,53,3370,4114,7484
SUKKUR DISTRICT,54,3000,3694,6694
SUKKUR DISTRICT,55,3738,4152,7890
SUKKUR DISTRICT,56,2563,3084,5647
SUKKUR DISTRICT,57,2822,3004,5826
SUKKUR DISTRICT,58,2526,2993,5519
SUKKUR DISTRICT,59,2486,2781,5267
SUKKUR DISTRICT,60,2989,2959,5948
SUKKUR DISTRICT,61,2293,2525,4818
SUKKUR DISTRICT,62,2253,2625,4878
SUKKUR DISTRICT,63,2269,2453,4722
SUKKUR DISTRICT,64,2236,2039,4275
SUKKUR DISTRICT,65,2218,2203,4421
SUKKUR DISTRICT,66,1722,1547,3269
SUKKUR DISTRICT,67,1799,1354,3153
SUKKUR DISTRICT,68,1396,1557,2953
SUKKUR DISTRICT,69,1520,1279,2799
SUKKUR DISTRICT,70,1546,1347,2893
SUKKUR DISTRICT,71,1246,1112,2358
SUKKUR DISTRICT,72,1093,1019,2112
SUKKUR DISTRICT,73,979,993,1972
SUKKUR DISTRICT,74,864,795,1659
SUKKUR DISTRICT,>=75,6462,5673,12135
SWABI DISTRICT,<1,34362,6940,41302
SWABI DISTRICT,1,35029,7053,42082
SWABI DISTRICT,2,37399,7161,44560
SWABI DISTRICT,3,39543,7942,47485
SWABI DISTRICT,4,41006,7915,48921
SWABI DISTRICT,5,38970,7856,46826
SWABI DISTRICT,6,38204,7553,45757
SWABI DISTRICT,7,39175,7720,46895
SWABI DISTRICT,8,38162,7224,45386
SWABI DISTRICT,9,39054,7687,46741
SWABI DISTRICT,10,34978,6790,41768
SWABI DISTRICT,11,35723,7164,42887
SWABI DISTRICT,12,32650,6460,39110
SWABI DISTRICT,13,35121,7211,42332
SWABI DISTRICT,14,32954,6641,39595
SWABI DISTRICT,15,33545,6746,40291
SWABI DISTRICT,16,30878,6326,37204
SWABI DISTRICT,17,31872,6457,38329
SWABI DISTRICT,18,28185,5789,33974
SWABI DISTRICT,19,29210,6146,35356
SWABI DISTRICT,20,27152,5415,32567
SWABI DISTRICT,21,25746,5430,31176
SWABI DISTRICT,22,23439,4796,28235
SWABI DISTRICT,23,23118,4797,27915
SWABI DISTRICT,24,21665,4457,26122
SWABI DISTRICT,25,22218,4374,26592
SWABI DISTRICT,26,21296,4359,25655
SWABI DISTRICT,27,21004,4361,25365
SWABI DISTRICT,28,19094,4002,23096
SWABI DISTRICT,29,20250,4210,24460
SWABI DISTRICT,30,19401,4012,23413
SWABI DISTRICT,31,18218,3879,22097
SWABI DISTRICT,32,15587,3362,18949
SWABI DISTRICT,33,15917,3489,19406
SWABI DISTRICT,34,14568,3030,17598
SWABI DISTRICT,35,14524,2828,17352
SWABI DISTRICT,36,13800,2712,16512
SWABI DISTRICT,37,13973,2887,16860
SWABI DISTRICT,38,12711,2790,15501
SWABI DISTRICT,39,13184,2800,15984
SWABI DISTRICT,40,13681,2954,16635
SWABI DISTRICT,41,12361,2739,15100
SWABI DISTRICT,42,11267,2579,13846
SWABI DISTRICT,43,11578,2549,14127
SWABI DISTRICT,44,10936,2406,13342
SWABI DISTRICT,45,9802,2085,11887
SWABI DISTRICT,46,10239,2102,12341
SWABI DISTRICT,47,10095,2187,12282
SWABI DISTRICT,48,9467,1955,11422
SWABI DISTRICT,49,9361,2011,11372
SWABI DISTRICT,50,9665,2086,11751
SWABI DISTRICT,51,8909,1898,10807
SWABI DISTRICT,52,7982,1652,9634
SWABI DISTRICT,53,7931,1709,9640
SWABI DISTRICT,54,7371,1557,8928
SWABI DISTRICT,55,6831,1462,8293
SWABI DISTRICT,56,6145,1303,7448
SWABI DISTRICT,57,6002,1236,7238
SWABI DISTRICT,58,6088,1348,7436
SWABI DISTRICT,59,6830,1481,8311
SWABI DISTRICT,60,6776,1401,8177
SWABI DISTRICT,61,6893,1595,8488
SWABI DISTRICT,62,6006,1318,7324
SWABI DISTRICT,63,5808,1283,7091
SWABI DISTRICT,64,5294,1158,6452
SWABI DISTRICT,65,4357,934,5291
SWABI DISTRICT,66,4785,1058,5843
SWABI DISTRICT,67,4323,1002,5325
SWABI DISTRICT,68,3787,751,4538
SWABI DISTRICT,69,3617,695,4312
SWABI DISTRICT,70,3588,700,4288
SWABI DISTRICT,71,3481,817,4298
SWABI DISTRICT,72,2950,694,3644
SWABI DISTRICT,73,2619,546,3165
SWABI DISTRICT,74,2256,408,2664
SWABI DISTRICT,>=75,17547,3534,21081
SWAT DISTRICT,<1,42881,18329,61210
SWAT DISTRICT,1,46697,18734,65431
SWAT DISTRICT,2,52431,20368,72799
SWAT DISTRICT,3,53157,21331,74488
SWAT DISTRICT,4,55499,21418,76917
SWAT DISTRICT,5,54652,21460,76112
SWAT DISTRICT,6,54404,20883,75287
SWAT DISTRICT,7,52226,21950,74176
SWAT DISTRICT,8,56194,20698,76892
SWAT DISTRICT,9,51569,21177,72746
SWAT DISTRICT,10,51423,19203,70626
SWAT DISTRICT,11,45538,19355,64893
SWAT DISTRICT,12,45277,17693,62970
SWAT DISTRICT,13,43012,18867,61879
SWAT DISTRICT,14,39336,16515,55851
SWAT DISTRICT,15,39987,17247,57234
SWAT DISTRICT,16,35459,15583,51042
SWAT DISTRICT,17,34811,16437,51248
SWAT DISTRICT,18,35239,15377,50616
SWAT DISTRICT,19,30053,14375,44428
SWAT DISTRICT,20,34253,14475,48728
SWAT DISTRICT,21,27013,12633,39646
SWAT DISTRICT,22,26232,11891,38123
SWAT DISTRICT,23,24263,11452,35715
SWAT DISTRICT,24,21610,10357,31967
SWAT DISTRICT,25,29127,12315,41442
SWAT DISTRICT,26,24386,11409,35795
SWAT DISTRICT,27,25275,11947,37222
SWAT DISTRICT,28,23668,10955,34623
SWAT DISTRICT,29,23037,10773,33810
SWAT DISTRICT,30,25311,11378,36689
SWAT DISTRICT,31,20412,10151,30563
SWAT DISTRICT,32,18159,8750,26909
SWAT DISTRICT,33,18331,9076,27407
SWAT DISTRICT,34,15371,7156,22527
SWAT DISTRICT,35,18122,8162,26284
SWAT DISTRICT,36,14732,6895,21627
SWAT DISTRICT,37,15576,7195,22771
SWAT DISTRICT,38,14638,6967,21605
SWAT DISTRICT,39,13601,6683,20284
SWAT DISTRICT,40,16664,7817,24481
SWAT DISTRICT,41,12192,5782,17974
SWAT DISTRICT,42,10823,5179,16002
SWAT DISTRICT,43,11588,5608,17196
SWAT DISTRICT,44,9865,4912,14777
SWAT DISTRICT,45,11255,5301,16556
SWAT DISTRICT,46,9284,4316,13600
SWAT DISTRICT,47,9491,4476,13967
SWAT DISTRICT,48,9137,4431,13568
SWAT DISTRICT,49,8886,4170,13056
SWAT DISTRICT,50,11049,5041,16090
SWAT DISTRICT,51,8060,3799,11859
SWAT DISTRICT,52,6931,3467,10398
SWAT DISTRICT,53,7654,3577,11231
SWAT DISTRICT,54,6869,3108,9977
SWAT DISTRICT,55,7579,3581,11160
SWAT DISTRICT,56,5449,2653,8102
SWAT DISTRICT,57,5132,2420,7552
SWAT DISTRICT,58,5000,2468,7468
SWAT DISTRICT,59,5257,2414,7671
SWAT DISTRICT,60,7556,3216,10772
SWAT DISTRICT,61,6156,2742,8898
SWAT DISTRICT,62,5121,2430,7551
SWAT DISTRICT,63,5449,2507,7956
SWAT DISTRICT,64,4600,1991,6591
SWAT DISTRICT,65,4699,1907,6606
SWAT DISTRICT,66,4223,1620,5843
SWAT DISTRICT,67,3812,1707,5519
SWAT DISTRICT,68,3420,1420,4840
SWAT DISTRICT,69,3175,1236,4411
SWAT DISTRICT,70,3980,1440,5420
SWAT DISTRICT,71,3664,1278,4942
SWAT DISTRICT,72,2805,1178,3983
SWAT DISTRICT,73,2655,1152,3807
SWAT DISTRICT,74,2138,817,2955
SWAT DISTRICT,>=75,18223,7040,25263
TANDO ALLAHYAR DISTRICT,<1,13824,5971,19795
TANDO ALLAHYAR DISTRICT,1,16508,6686,23194
TANDO ALLAHYAR DISTRICT,2,18778,7516,26294
TANDO ALLAHYAR DISTRICT,3,20486,8333,28819
TANDO ALLAHYAR DISTRICT,4,20729,7932,28661
TANDO ALLAHYAR DISTRICT,5,20753,8566,29319
TANDO ALLAHYAR DISTRICT,6,20567,7836,28403
TANDO ALLAHYAR DISTRICT,7,18359,8005,26364
TANDO ALLAHYAR DISTRICT,8,21336,8090,29426
TANDO ALLAHYAR DISTRICT,9,15674,7076,22750
TANDO ALLAHYAR DISTRICT,10,19110,7576,26686
TANDO ALLAHYAR DISTRICT,11,12955,6280,19235
TANDO ALLAHYAR DISTRICT,12,15006,6614,21620
TANDO ALLAHYAR DISTRICT,13,11489,5868,17357
TANDO ALLAHYAR DISTRICT,14,11709,5639,17348
TANDO ALLAHYAR DISTRICT,15,12286,6124,18410
TANDO ALLAHYAR DISTRICT,16,11479,5937,17416
TANDO ALLAHYAR DISTRICT,17,9977,5638,15615
TANDO ALLAHYAR DISTRICT,18,13072,6038,19110
TANDO ALLAHYAR DISTRICT,19,10211,5532,15743
TANDO ALLAHYAR DISTRICT,20,11869,5629,17498
TANDO ALLAHYAR DISTRICT,21,8737,5016,13753
TANDO ALLAHYAR DISTRICT,22,8457,4717,13174
TANDO ALLAHYAR DISTRICT,23,7800,4375,12175
TANDO ALLAHYAR DISTRICT,24,7119,4225,11344
TANDO ALLAHYAR DISTRICT,25,8602,4516,13118
TANDO ALLAHYAR DISTRICT,26,7504,4235,11739
TANDO ALLAHYAR DISTRICT,27,8736,4479,13215
TANDO ALLAHYAR DISTRICT,28,8389,4181,12570
TANDO ALLAHYAR DISTRICT,29,8980,4434,13414
TANDO ALLAHYAR DISTRICT,30,7952,4077,12029
TANDO ALLAHYAR DISTRICT,31,8760,4256,13016
TANDO ALLAHYAR DISTRICT,32,7851,3830,11681
TANDO ALLAHYAR DISTRICT,33,8041,3921,11962
TANDO ALLAHYAR DISTRICT,34,7181,3550,10731
TANDO ALLAHYAR DISTRICT,35,6547,3308,9855
TANDO ALLAHYAR DISTRICT,36,6872,3317,10189
TANDO ALLAHYAR DISTRICT,37,9086,3897,12983
TANDO ALLAHYAR DISTRICT,38,5857,3071,8928
TANDO ALLAHYAR DISTRICT,39,7004,3350,10354
TANDO ALLAHYAR DISTRICT,40,4863,2561,7424
TANDO ALLAHYAR DISTRICT,41,5350,2739,8089
TANDO ALLAHYAR DISTRICT,42,5085,2569,7654
TANDO ALLAHYAR DISTRICT,43,4555,2303,6858
TANDO ALLAHYAR DISTRICT,44,4356,2366,6722
TANDO ALLAHYAR DISTRICT,45,3729,1979,5708
TANDO ALLAHYAR DISTRICT,46,4190,2172,6362
TANDO ALLAHYAR DISTRICT,47,5142,2350,7492
TANDO ALLAHYAR DISTRICT,48,3894,2083,5977
TANDO ALLAHYAR DISTRICT,49,4170,2242,6412
TANDO ALLAHYAR DISTRICT,50,2944,1653,4597
TANDO ALLAHYAR DISTRICT,51,3394,1882,5276
TANDO ALLAHYAR DISTRICT,52,3026,1543,4569
TANDO ALLAHYAR DISTRICT,53,2487,1469,3956
TANDO ALLAHYAR DISTRICT,54,2112,1278,3390
TANDO ALLAHYAR DISTRICT,55,1872,1065,2937
TANDO ALLAHYAR DISTRICT,56,1817,1079,2896
TANDO ALLAHYAR DISTRICT,57,2496,1138,3634
TANDO ALLAHYAR DISTRICT,58,1822,980,2802
TANDO ALLAHYAR DISTRICT,59,2258,1092,3350
TANDO ALLAHYAR DISTRICT,60,1806,818,2624
TANDO ALLAHYAR DISTRICT,61,2066,1057,3123
TANDO ALLAHYAR DISTRICT,62,1921,921,2842
TANDO ALLAHYAR DISTRICT,63,1718,885,2603
TANDO ALLAHYAR DISTRICT,64,1813,873,2686
TANDO ALLAHYAR DISTRICT,65,1432,703,2135
TANDO ALLAHYAR DISTRICT,66,1478,641,2119
TANDO ALLAHYAR DISTRICT,67,1397,635,2032
TANDO ALLAHYAR DISTRICT,68,1143,583,1726
TANDO ALLAHYAR DISTRICT,69,1269,546,1815
TANDO ALLAHYAR DISTRICT,70,977,461,1438
TANDO ALLAHYAR DISTRICT,71,1045,463,1508
TANDO ALLAHYAR DISTRICT,72,798,383,1181
TANDO ALLAHYAR DISTRICT,73,727,394,1121
TANDO ALLAHYAR DISTRICT,74,722,301,1023
TANDO ALLAHYAR DISTRICT,>=75,4902,2251,7153
TANDO MUHAMMAD KHAN DISTRICT,<1,12091,3007,15098
TANDO MUHAMMAD KHAN DISTRICT,1,14604,3455,18059
TANDO MUHAMMAD KHAN DISTRICT,2,17645,3921,21566
TANDO MUHAMMAD KHAN DISTRICT,3,19446,4494,23940
TANDO MUHAMMAD KHAN DISTRICT,4,20290,4262,24552
TANDO MUHAMMAD KHAN DISTRICT,5,19855,4488,24343
TANDO MUHAMMAD KHAN DISTRICT,6,19335,4126,23461
TANDO MUHAMMAD KHAN DISTRICT,7,16917,4273,21190
TANDO MUHAMMAD KHAN DISTRICT,8,20165,4177,24342
TANDO MUHAMMAD KHAN DISTRICT,9,13975,3758,17733
TANDO MUHAMMAD KHAN DISTRICT,10,17843,3670,21513
TANDO MUHAMMAD KHAN DISTRICT,11,11159,3231,14390
TANDO MUHAMMAD KHAN DISTRICT,12,13439,3200,16639
TANDO MUHAMMAD KHAN DISTRICT,13,10090,3029,13119
TANDO MUHAMMAD KHAN DISTRICT,14,10686,2847,13533
TANDO MUHAMMAD KHAN DISTRICT,15,11101,3175,14276
TANDO MUHAMMAD KHAN DISTRICT,16,10462,3017,13479
TANDO MUHAMMAD KHAN DISTRICT,17,8872,2948,11820
TANDO MUHAMMAD KHAN DISTRICT,18,12295,3141,15436
TANDO MUHAMMAD KHAN DISTRICT,19,9389,2838,12227
TANDO MUHAMMAD KHAN DISTRICT,20,12122,2975,15097
TANDO MUHAMMAD KHAN DISTRICT,21,7827,2569,10396
TANDO MUHAMMAD KHAN DISTRICT,22,8381,2515,10896
TANDO MUHAMMAD KHAN DISTRICT,23,6870,2283,9153
TANDO MUHAMMAD KHAN DISTRICT,24,6436,2116,8552
TANDO MUHAMMAD KHAN DISTRICT,25,9149,2390,11539
TANDO MUHAMMAD KHAN DISTRICT,26,7373,2234,9607
TANDO MUHAMMAD KHAN DISTRICT,27,7991,2439,10430
TANDO MUHAMMAD KHAN DISTRICT,28,8262,2281,10543
TANDO MUHAMMAD KHAN DISTRICT,29,8291,2459,10750
TANDO MUHAMMAD KHAN DISTRICT,30,8221,2125,10346
TANDO MUHAMMAD KHAN DISTRICT,31,7496,2272,9768
TANDO MUHAMMAD KHAN DISTRICT,32,7084,2075,9159
TANDO MUHAMMAD KHAN DISTRICT,33,6605,1947,8552
TANDO MUHAMMAD KHAN DISTRICT,34,5948,1785,7733
TANDO MUHAMMAD KHAN DISTRICT,35,6862,1744,8606
TANDO MUHAMMAD KHAN DISTRICT,36,6598,1852,8450
TANDO MUHAMMAD KHAN DISTRICT,37,8333,2120,10453
TANDO MUHAMMAD KHAN DISTRICT,38,5739,1741,7480
TANDO MUHAMMAD KHAN DISTRICT,39,6438,1792,8230
TANDO MUHAMMAD KHAN DISTRICT,40,5104,1387,6491
TANDO MUHAMMAD KHAN DISTRICT,41,5174,1460,6634
TANDO MUHAMMAD KHAN DISTRICT,42,5005,1398,6403
TANDO MUHAMMAD KHAN DISTRICT,43,4135,1225,5360
TANDO MUHAMMAD KHAN DISTRICT,44,3852,1335,5187
TANDO MUHAMMAD KHAN DISTRICT,45,3871,1090,4961
TANDO MUHAMMAD KHAN DISTRICT,46,4094,1211,5305
TANDO MUHAMMAD KHAN DISTRICT,47,4687,1253,5940
TANDO MUHAMMAD KHAN DISTRICT,48,3559,1117,4676
TANDO MUHAMMAD KHAN DISTRICT,49,3685,1141,4826
TANDO MUHAMMAD KHAN DISTRICT,50,3178,929,4107
TANDO MUHAMMAD KHAN DISTRICT,51,3068,1017,4085
TANDO MUHAMMAD KHAN DISTRICT,52,2723,942,3665
TANDO MUHAMMAD KHAN DISTRICT,53,2195,797,2992
TANDO MUHAMMAD KHAN DISTRICT,54,1980,680,2660
TANDO MUHAMMAD KHAN DISTRICT,55,2116,655,2771
TANDO MUHAMMAD KHAN DISTRICT,56,1887,627,2514
TANDO MUHAMMAD KHAN DISTRICT,57,2486,719,3205
TANDO MUHAMMAD KHAN DISTRICT,58,1856,582,2438
TANDO MUHAMMAD KHAN DISTRICT,59,2084,641,2725
TANDO MUHAMMAD KHAN DISTRICT,60,1988,491,2479
TANDO MUHAMMAD KHAN DISTRICT,61,2024,637,2661
TANDO MUHAMMAD KHAN DISTRICT,62,1933,581,2514
TANDO MUHAMMAD KHAN DISTRICT,63,1794,501,2295
TANDO MUHAMMAD KHAN DISTRICT,64,1946,481,2427
TANDO MUHAMMAD KHAN DISTRICT,65,1836,404,2240
TANDO MUHAMMAD KHAN DISTRICT,66,1443,387,1830
TANDO MUHAMMAD KHAN DISTRICT,67,1419,380,1799
TANDO MUHAMMAD KHAN DISTRICT,68,1232,322,1554
TANDO MUHAMMAD KHAN DISTRICT,69,1378,309,1687
TANDO MUHAMMAD KHAN DISTRICT,70,1115,282,1397
TANDO MUHAMMAD KHAN DISTRICT,71,948,308,1256
TANDO MUHAMMAD KHAN DISTRICT,72,834,261,1095
TANDO MUHAMMAD KHAN DISTRICT,73,774,242,1016
TANDO MUHAMMAD KHAN DISTRICT,74,784,177,961
TANDO MUHAMMAD KHAN DISTRICT,>=75,5189,1297,6486
TANK DISTRICT,<1,10125,1091,11216
TANK DISTRICT,1,10996,1210,12206
TANK DISTRICT,2,13100,1437,14537
TANK DISTRICT,3,13405,1527,14932
TANK DISTRICT,4,13670,1417,15087
TANK DISTRICT,5,12966,1562,14528
TANK DISTRICT,6,12591,1363,13954
TANK DISTRICT,7,12272,1466,13738
TANK DISTRICT,8,12238,1333,13571
TANK DISTRICT,9,11196,1352,12548
TANK DISTRICT,10,10728,1258,11986
TANK DISTRICT,11,9055,1248,10303
TANK DISTRICT,12,8853,1154,10007
TANK DISTRICT,13,8273,1174,9447
TANK DISTRICT,14,7983,1026,9009
TANK DISTRICT,15,7318,1123,8441
TANK DISTRICT,16,6826,1073,7899
TANK DISTRICT,17,6735,1020,7755
TANK DISTRICT,18,6089,877,6966
TANK DISTRICT,19,5828,880,6708
TANK DISTRICT,20,6187,828,7015
TANK DISTRICT,21,5266,898,6164
TANK DISTRICT,22,4881,810,5691
TANK DISTRICT,23,5056,848,5904
TANK DISTRICT,24,5404,778,6182
TANK DISTRICT,25,5908,846,6754
TANK DISTRICT,26,5216,935,6151
TANK DISTRICT,27,5623,832,6455
TANK DISTRICT,28,4678,742,5420
TANK DISTRICT,29,4644,751,5395
TANK DISTRICT,30,4568,716,5284
TANK DISTRICT,31,4124,671,4795
TANK DISTRICT,32,3573,643,4216
TANK DISTRICT,33,3339,593,3932
TANK DISTRICT,34,3059,573,3632
TANK DISTRICT,35,3502,540,4042
TANK DISTRICT,36,3004,524,3528
TANK DISTRICT,37,3059,467,3526
TANK DISTRICT,38,2821,490,3311
TANK DISTRICT,39,2760,492,3252
TANK DISTRICT,40,3012,449,3461
TANK DISTRICT,41,2576,405,2981
TANK DISTRICT,42,2394,404,2798
TANK DISTRICT,43,2289,381,2670
TANK DISTRICT,44,2119,353,2472
TANK DISTRICT,45,2132,332,2464
TANK DISTRICT,46,1989,324,2313
TANK DISTRICT,47,2208,360,2568
TANK DISTRICT,48,2072,320,2392
TANK DISTRICT,49,2019,330,2349
TANK DISTRICT,50,2253,357,2610
TANK DISTRICT,51,2043,296,2339
TANK DISTRICT,52,1777,283,2060
TANK DISTRICT,53,1807,266,2073
TANK DISTRICT,54,1710,218,1928
TANK DISTRICT,55,1623,222,1845
TANK DISTRICT,56,1427,208,1635
TANK DISTRICT,57,1528,194,1722
TANK DISTRICT,58,1303,187,1490
TANK DISTRICT,59,1367,185,1552
TANK DISTRICT,60,1553,203,1756
TANK DISTRICT,61,1343,167,1510
TANK DISTRICT,62,1351,175,1526
TANK DISTRICT,63,1124,204,1328
TANK DISTRICT,64,1100,155,1255
TANK DISTRICT,65,961,125,1086
TANK DISTRICT,66,933,145,1078
TANK DISTRICT,67,1012,126,1138
TANK DISTRICT,68,758,110,868
TANK DISTRICT,69,757,96,853
TANK DISTRICT,70,696,86,782
TANK DISTRICT,71,715,114,829
TANK DISTRICT,72,625,110,735
TANK DISTRICT,73,506,75,581
TANK DISTRICT,74,413,50,463
TANK DISTRICT,>=75,3148,481,3629
THARPARKAR DISTRICT,<1,59100,3721,62821
THARPARKAR DISTRICT,1,52648,4037,56685
THARPARKAR DISTRICT,2,67638,4300,71938
THARPARKAR DISTRICT,3,60150,4337,64487
THARPARKAR DISTRICT,4,64341,4345,68686
THARPARKAR DISTRICT,5,57780,4299,62079
THARPARKAR DISTRICT,6,62575,4080,66655
THARPARKAR DISTRICT,7,47536,3850,51386
THARPARKAR DISTRICT,8,63148,4182,67330
THARPARKAR DISTRICT,9,48538,3713,52251
THARPARKAR DISTRICT,10,54842,3569,58411
THARPARKAR DISTRICT,11,40950,3243,44193
THARPARKAR DISTRICT,12,43463,3289,46752
THARPARKAR DISTRICT,13,36038,3069,39107
THARPARKAR DISTRICT,14,36013,2814,38827
THARPARKAR DISTRICT,15,34948,3009,37957
THARPARKAR DISTRICT,16,29923,2570,32493
THARPARKAR DISTRICT,17,26897,2808,29705
THARPARKAR DISTRICT,18,27099,2498,29597
THARPARKAR DISTRICT,19,22059,2545,24604
THARPARKAR DISTRICT,20,25231,2403,27634
THARPARKAR DISTRICT,21,22503,2595,25098
THARPARKAR DISTRICT,22,19308,2096,21404
THARPARKAR DISTRICT,23,18865,2342,21207
THARPARKAR DISTRICT,24,16007,1887,17894
THARPARKAR DISTRICT,25,17348,1798,19146
THARPARKAR DISTRICT,26,15820,1845,17665
THARPARKAR DISTRICT,27,19253,2151,21404
THARPARKAR DISTRICT,28,16810,1764,18574
THARPARKAR DISTRICT,29,20062,2156,22218
THARPARKAR DISTRICT,30,15316,1495,16811
THARPARKAR DISTRICT,31,18339,2099,20438
THARPARKAR DISTRICT,32,17877,2018,19895
THARPARKAR DISTRICT,33,14977,1641,16618
THARPARKAR DISTRICT,34,14342,1573,15915
THARPARKAR DISTRICT,35,13880,1322,15202
THARPARKAR DISTRICT,36,13614,1421,15035
THARPARKAR DISTRICT,37,22021,2289,24310
THARPARKAR DISTRICT,38,12354,1343,13697
THARPARKAR DISTRICT,39,15915,1754,17669
THARPARKAR DISTRICT,40,9248,987,10235
THARPARKAR DISTRICT,41,11235,1294,12529
THARPARKAR DISTRICT,42,12188,1262,13450
THARPARKAR DISTRICT,43,8852,1115,9967
THARPARKAR DISTRICT,44,8803,1107,9910
THARPARKAR DISTRICT,45,7250,817,8067
THARPARKAR DISTRICT,46,8121,904,9025
THARPARKAR DISTRICT,47,12226,1199,13425
THARPARKAR DISTRICT,48,7760,876,8636
THARPARKAR DISTRICT,49,9120,1068,10188
THARPARKAR DISTRICT,50,6143,693,6836
THARPARKAR DISTRICT,51,7884,1015,8899
THARPARKAR DISTRICT,52,7382,779,8161
THARPARKAR DISTRICT,53,5367,755,6122
THARPARKAR DISTRICT,54,4952,616,5568
THARPARKAR DISTRICT,55,4168,406,4574
THARPARKAR DISTRICT,56,4303,432,4735
THARPARKAR DISTRICT,57,6346,607,6953
THARPARKAR DISTRICT,58,4973,543,5516
THARPARKAR DISTRICT,59,6182,632,6814
THARPARKAR DISTRICT,60,4225,407,4632
THARPARKAR DISTRICT,61,4769,571,5340
THARPARKAR DISTRICT,62,4636,473,5109
THARPARKAR DISTRICT,63,4885,510,5395
THARPARKAR DISTRICT,64,6684,552,7236
THARPARKAR DISTRICT,65,3620,369,3989
THARPARKAR DISTRICT,66,3175,382,3557
THARPARKAR DISTRICT,67,3929,335,4264
THARPARKAR DISTRICT,68,3486,310,3796
THARPARKAR DISTRICT,69,5423,425,5848
THARPARKAR DISTRICT,70,2803,236,3039
THARPARKAR DISTRICT,71,2531,322,2853
THARPARKAR DISTRICT,72,2223,201,2424
THARPARKAR DISTRICT,73,2479,253,2732
THARPARKAR DISTRICT,74,3583,290,3873
THARPARKAR DISTRICT,>=75,18020,1521,19541
THATTA DISTRICT,<1,18536,4007,22543
THATTA DISTRICT,1,21304,4312,25616
THATTA DISTRICT,2,25907,5030,30937
THATTA DISTRICT,3,28559,5917,34476
THATTA DISTRICT,4,29072,5460,34532
THATTA DISTRICT,5,28577,5548,34125
THATTA DISTRICT,6,27885,5192,33077
THATTA DISTRICT,7,24712,5362,30074
THATTA DISTRICT,8,28988,5226,34214
THATTA DISTRICT,9,20838,4707,25545
THATTA DISTRICT,10,26324,4711,31035
THATTA DISTRICT,11,16678,4056,20734
THATTA DISTRICT,12,20657,4127,24784
THATTA DISTRICT,13,14821,3662,18483
THATTA DISTRICT,14,16593,3493,20086
THATTA DISTRICT,15,16467,3734,20201
THATTA DISTRICT,16,16127,3564,19691
THATTA DISTRICT,17,13041,3692,16733
THATTA DISTRICT,18,17669,3683,21352
THATTA DISTRICT,19,13018,3572,16590
THATTA DISTRICT,20,16658,3388,20046
THATTA DISTRICT,21,11741,3081,14822
THATTA DISTRICT,22,13596,3176,16772
THATTA DISTRICT,23,10891,2869,13760
THATTA DISTRICT,24,10665,2708,13373
THATTA DISTRICT,25,14663,3023,17686
THATTA DISTRICT,26,11465,2795,14260
THATTA DISTRICT,27,11554,2873,14427
THATTA DISTRICT,28,12666,2917,15583
THATTA DISTRICT,29,11639,2843,14482
THATTA DISTRICT,30,13380,2958,16338
THATTA DISTRICT,31,11245,2779,14024
THATTA DISTRICT,32,10487,2625,13112
THATTA DISTRICT,33,10505,2441,12946
THATTA DISTRICT,34,8854,2213,11067
THATTA DISTRICT,35,11562,2340,13902
THATTA DISTRICT,36,8273,2009,10282
THATTA DISTRICT,37,10314,2222,12536
THATTA DISTRICT,38,9585,2142,11727
THATTA DISTRICT,39,10258,2263,12521
THATTA DISTRICT,40,9482,2031,11513
THATTA DISTRICT,41,8023,1820,9843
THATTA DISTRICT,42,7215,1680,8895
THATTA DISTRICT,43,6925,1613,8538
THATTA DISTRICT,44,6196,1508,7704
THATTA DISTRICT,45,6924,1487,8411
THATTA DISTRICT,46,5115,1300,6415
THATTA DISTRICT,47,5828,1330,7158
THATTA DISTRICT,48,5502,1254,6756
THATTA DISTRICT,49,5961,1350,7311
THATTA DISTRICT,50,6040,1269,7309
THATTA DISTRICT,51,4810,1130,5940
THATTA DISTRICT,52,4219,1077,5296
THATTA DISTRICT,53,4001,969,4970
THATTA DISTRICT,54,3620,920,4540
THATTA DISTRICT,55,4179,902,5081
THATTA DISTRICT,56,2917,701,3618
THATTA DISTRICT,57,3571,785,4356
THATTA DISTRICT,58,2969,791,3760
THATTA DISTRICT,59,3512,823,4335
THATTA DISTRICT,60,3570,812,4382
THATTA DISTRICT,61,3166,790,3956
THATTA DISTRICT,62,2901,650,3551
THATTA DISTRICT,63,2834,734,3568
THATTA DISTRICT,64,2765,615,3380
THATTA DISTRICT,65,2717,554,3271
THATTA DISTRICT,66,2190,470,2660
THATTA DISTRICT,67,1998,378,2376
THATTA DISTRICT,68,1778,405,2183
THATTA DISTRICT,69,2143,408,2551
THATTA DISTRICT,70,1950,370,2320
THATTA DISTRICT,71,1694,319,2013
THATTA DISTRICT,72,1344,242,1586
THATTA DISTRICT,73,1367,300,1667
THATTA DISTRICT,74,1233,252,1485
THATTA DISTRICT,>=75,9229,1717,10946
TOBA TEK SINGH DISTRICT,<1,43531,10068,53599
TOBA TEK SINGH DISTRICT,1,45302,10819,56121
TOBA TEK SINGH DISTRICT,2,43198,10160,53358
TOBA TEK SINGH DISTRICT,3,46689,10826,57515
TOBA TEK SINGH DISTRICT,4,47089,10398,57487
TOBA TEK SINGH DISTRICT,5,45827,10305,56132
TOBA TEK SINGH DISTRICT,6,44408,10060,54468
TOBA TEK SINGH DISTRICT,7,47953,10702,58655
TOBA TEK SINGH DISTRICT,8,43621,9504,53125
TOBA TEK SINGH DISTRICT,9,46144,10857,57001
TOBA TEK SINGH DISTRICT,10,40348,9046,49394
TOBA TEK SINGH DISTRICT,11,42884,11025,53909
TOBA TEK SINGH DISTRICT,12,37029,8915,45944
TOBA TEK SINGH DISTRICT,13,38742,10070,48812
TOBA TEK SINGH DISTRICT,14,36191,9298,45489
TOBA TEK SINGH DISTRICT,15,37430,9569,46999
TOBA TEK SINGH DISTRICT,16,36734,9569,46303
TOBA TEK SINGH DISTRICT,17,39890,10610,50500
TOBA TEK SINGH DISTRICT,18,29828,7328,37156
TOBA TEK SINGH DISTRICT,19,34723,9390,44113
TOBA TEK SINGH DISTRICT,20,30923,7752,38675
TOBA TEK SINGH DISTRICT,21,33845,9644,43489
TOBA TEK SINGH DISTRICT,22,31160,8127,39287
TOBA TEK SINGH DISTRICT,23,30430,8544,38974
TOBA TEK SINGH DISTRICT,24,28447,8274,36721
TOBA TEK SINGH DISTRICT,25,25606,6480,32086
TOBA TEK SINGH DISTRICT,26,27534,7899,35433
TOBA TEK SINGH DISTRICT,27,26849,7854,34703
TOBA TEK SINGH DISTRICT,28,25601,7454,33055
TOBA TEK SINGH DISTRICT,29,26333,7555,33888
TOBA TEK SINGH DISTRICT,30,23835,6216,30051
TOBA TEK SINGH DISTRICT,31,26042,7165,33207
TOBA TEK SINGH DISTRICT,32,22755,6531,29286
TOBA TEK SINGH DISTRICT,33,22612,6598,29210
TOBA TEK SINGH DISTRICT,34,23345,6322,29667
TOBA TEK SINGH DISTRICT,35,19934,4978,24912
TOBA TEK SINGH DISTRICT,36,23164,5997,29161
TOBA TEK SINGH DISTRICT,37,21196,5509,26705
TOBA TEK SINGH DISTRICT,38,20667,5521,26188
TOBA TEK SINGH DISTRICT,39,20468,5485,25953
TOBA TEK SINGH DISTRICT,40,16444,4368,20812
TOBA TEK SINGH DISTRICT,41,19854,5021,24875
TOBA TEK SINGH DISTRICT,42,16451,4316,20767
TOBA TEK SINGH DISTRICT,43,16180,4494,20674
TOBA TEK SINGH DISTRICT,44,16099,4333,20432
TOBA TEK SINGH DISTRICT,45,12871,3424,16295
TOBA TEK SINGH DISTRICT,46,15827,4081,19908
TOBA TEK SINGH DISTRICT,47,14370,3692,18062
TOBA TEK SINGH DISTRICT,48,15075,4208,19283
TOBA TEK SINGH DISTRICT,49,15650,4163,19813
TOBA TEK SINGH DISTRICT,50,12772,3489,16261
TOBA TEK SINGH DISTRICT,51,16249,4112,20361
TOBA TEK SINGH DISTRICT,52,14327,3796,18123
TOBA TEK SINGH DISTRICT,53,13927,3987,17914
TOBA TEK SINGH DISTRICT,54,12901,3764,16665
TOBA TEK SINGH DISTRICT,55,9720,2687,12407
TOBA TEK SINGH DISTRICT,56,11678,3100,14778
TOBA TEK SINGH DISTRICT,57,9521,2460,11981
TOBA TEK SINGH DISTRICT,58,9659,2462,12121
TOBA TEK SINGH DISTRICT,59,10303,2607,12910
TOBA TEK SINGH DISTRICT,60,7895,1938,9833
TOBA TEK SINGH DISTRICT,61,10173,2462,12635
TOBA TEK SINGH DISTRICT,62,9102,2256,11358
TOBA TEK SINGH DISTRICT,63,8451,2250,10701
TOBA TEK SINGH DISTRICT,64,8004,1803,9807
TOBA TEK SINGH DISTRICT,65,6488,1410,7898
TOBA TEK SINGH DISTRICT,66,7577,1615,9192
TOBA TEK SINGH DISTRICT,67,5730,1192,6922
TOBA TEK SINGH DISTRICT,68,5816,1284,7100
TOBA TEK SINGH DISTRICT,69,5796,1220,7016
TOBA TEK SINGH DISTRICT,70,4852,1008,5860
TOBA TEK SINGH DISTRICT,71,6164,1163,7327
TOBA TEK SINGH DISTRICT,72,5000,1183,6183
TOBA TEK SINGH DISTRICT,73,4546,980,5526
TOBA TEK SINGH DISTRICT,74,3979,819,4798
TOBA TEK SINGH DISTRICT,>=75,31766,6400,38166
TORGHAR DISTRICT,<1,5702,0,5702
TORGHAR DISTRICT,1,5123,0,5123
TORGHAR DISTRICT,2,6010,0,6010
TORGHAR DISTRICT,3,6168,0,6168
TORGHAR DISTRICT,4,6386,0,6386
TORGHAR DISTRICT,5,6234,0,6234
TORGHAR DISTRICT,6,6098,0,6098
TORGHAR DISTRICT,7,5985,0,5985
TORGHAR DISTRICT,8,6257,0,6257
TORGHAR DISTRICT,9,5829,0,5829
TORGHAR DISTRICT,10,5629,0,5629
TORGHAR DISTRICT,11,4810,0,4810
TORGHAR DISTRICT,12,4787,0,4787
TORGHAR DISTRICT,13,4315,0,4315
TORGHAR DISTRICT,14,3754,0,3754
TORGHAR DISTRICT,15,3750,0,3750
TORGHAR DISTRICT,16,3112,0,3112
TORGHAR DISTRICT,17,2929,0,2929
TORGHAR DISTRICT,18,3110,0,3110
TORGHAR DISTRICT,19,2782,0,2782
TORGHAR DISTRICT,20,3071,0,3071
TORGHAR DISTRICT,21,2726,0,2726
TORGHAR DISTRICT,22,2608,0,2608
TORGHAR DISTRICT,23,2417,0,2417
TORGHAR DISTRICT,24,2449,0,2449
TORGHAR DISTRICT,25,2444,0,2444
TORGHAR DISTRICT,26,2505,0,2505
TORGHAR DISTRICT,27,2616,0,2616
TORGHAR DISTRICT,28,1969,0,1969
TORGHAR DISTRICT,29,2443,0,2443
TORGHAR DISTRICT,30,1954,0,1954
TORGHAR DISTRICT,31,2307,0,2307
TORGHAR DISTRICT,32,1905,0,1905
TORGHAR DISTRICT,33,1665,0,1665
TORGHAR DISTRICT,34,1724,0,1724
TORGHAR DISTRICT,35,1538,0,1538
TORGHAR DISTRICT,36,1844,0,1844
TORGHAR DISTRICT,37,1841,0,1841
TORGHAR DISTRICT,38,1363,0,1363
TORGHAR DISTRICT,39,1496,0,1496
TORGHAR DISTRICT,40,1275,0,1275
TORGHAR DISTRICT,41,1714,0,1714
TORGHAR DISTRICT,42,1394,0,1394
TORGHAR DISTRICT,43,1146,0,1146
TORGHAR DISTRICT,44,1114,0,1114
TORGHAR DISTRICT,45,965,0,965
TORGHAR DISTRICT,46,1299,0,1299
TORGHAR DISTRICT,47,1230,0,1230
TORGHAR DISTRICT,48,867,0,867
TORGHAR DISTRICT,49,996,0,996
TORGHAR DISTRICT,50,855,0,855
TORGHAR DISTRICT,51,1032,0,1032
TORGHAR DISTRICT,52,887,0,887
TORGHAR DISTRICT,53,695,0,695
TORGHAR DISTRICT,54,640,0,640
TORGHAR DISTRICT,55,593,0,593
TORGHAR DISTRICT,56,727,0,727
TORGHAR DISTRICT,57,796,0,796
TORGHAR DISTRICT,58,594,0,594
TORGHAR DISTRICT,59,589,0,589
TORGHAR DISTRICT,60,617,0,617
TORGHAR DISTRICT,61,667,0,667
TORGHAR DISTRICT,62,639,0,639
TORGHAR DISTRICT,63,554,0,554
TORGHAR DISTRICT,64,602,0,602
TORGHAR DISTRICT,65,491,0,491
TORGHAR DISTRICT,66,554,0,554
TORGHAR DISTRICT,67,588,0,588
TORGHAR DISTRICT,68,497,0,497
TORGHAR DISTRICT,69,567,0,567
TORGHAR DISTRICT,70,456,0,456
TORGHAR DISTRICT,71,412,0,412
TORGHAR DISTRICT,72,367,0,367
TORGHAR DISTRICT,73,362,0,362
TORGHAR DISTRICT,74,381,0,381
TORGHAR DISTRICT,>=75,2532,0,2532
UMER KOT DISTRICT,<1,23833,5855,29688
UMER KOT DISTRICT,1,27097,7012,34109
UMER KOT DISTRICT,2,31507,7571,39078
UMER KOT DISTRICT,3,31871,7874,39745
UMER KOT DISTRICT,4,32690,8128,40818
UMER KOT DISTRICT,5,31073,7744,38817
UMER KOT DISTRICT,6,31698,7538,39236
UMER KOT DISTRICT,7,25335,6692,32027
UMER KOT DISTRICT,8,32950,7797,40747
UMER KOT DISTRICT,9,23243,6597,29840
UMER KOT DISTRICT,10,27550,6636,34186
UMER KOT DISTRICT,11,18102,5692,23794
UMER KOT DISTRICT,12,21455,5833,27288
UMER KOT DISTRICT,13,15446,5132,20578
UMER KOT DISTRICT,14,15841,4797,20638
UMER KOT DISTRICT,15,16190,5212,21402
UMER KOT DISTRICT,16,14879,4781,19660
UMER KOT DISTRICT,17,12504,4961,17465
UMER KOT DISTRICT,18,17852,4931,22783
UMER KOT DISTRICT,19,14388,5009,19397
UMER KOT DISTRICT,20,16694,4771,21465
UMER KOT DISTRICT,21,12471,4387,16858
UMER KOT DISTRICT,22,11851,3878,15729
UMER KOT DISTRICT,23,11622,4145,15767
UMER KOT DISTRICT,24,11150,3849,14999
UMER KOT DISTRICT,25,11830,3712,15542
UMER KOT DISTRICT,26,11478,3766,15244
UMER KOT DISTRICT,27,13635,4269,17904
UMER KOT DISTRICT,28,11086,3634,14720
UMER KOT DISTRICT,29,12850,4321,17171
UMER KOT DISTRICT,30,10073,3202,13275
UMER KOT DISTRICT,31,13025,4215,17240
UMER KOT DISTRICT,32,11986,3756,15742
UMER KOT DISTRICT,33,10503,3639,14142
UMER KOT DISTRICT,34,9756,3452,13208
UMER KOT DISTRICT,35,8888,2650,11538
UMER KOT DISTRICT,36,10191,3251,13442
UMER KOT DISTRICT,37,13694,3951,17645
UMER KOT DISTRICT,38,7642,2699,10341
UMER KOT DISTRICT,39,9689,3155,12844
UMER KOT DISTRICT,40,5626,1892,7518
UMER KOT DISTRICT,41,7498,2420,9918
UMER KOT DISTRICT,42,7441,2376,9817
UMER KOT DISTRICT,43,5759,2014,7773
UMER KOT DISTRICT,44,5737,1806,7543
UMER KOT DISTRICT,45,4765,1442,6207
UMER KOT DISTRICT,46,5987,1877,7864
UMER KOT DISTRICT,47,7279,2119,9398
UMER KOT DISTRICT,48,5008,1682,6690
UMER KOT DISTRICT,49,5618,1861,7479
UMER KOT DISTRICT,50,3829,1252,5081
UMER KOT DISTRICT,51,5154,1673,6827
UMER KOT DISTRICT,52,4370,1472,5842
UMER KOT DISTRICT,53,3445,1326,4771
UMER KOT DISTRICT,54,2970,1185,4155
UMER KOT DISTRICT,55,2430,882,3312
UMER KOT DISTRICT,56,2685,897,3582
UMER KOT DISTRICT,57,3458,1088,4546
UMER KOT DISTRICT,58,2635,911,3546
UMER KOT DISTRICT,59,3054,982,4036
UMER KOT DISTRICT,60,2337,647,2984
UMER KOT DISTRICT,61,2814,929,3743
UMER KOT DISTRICT,62,2733,852,3585
UMER KOT DISTRICT,63,2591,901,3492
UMER KOT DISTRICT,64,2870,910,3780
UMER KOT DISTRICT,65,2042,584,2626
UMER KOT DISTRICT,66,2036,641,2677
UMER KOT DISTRICT,67,2047,595,2642
UMER KOT DISTRICT,68,1981,570,2551
UMER KOT DISTRICT,69,2218,558,2776
UMER KOT DISTRICT,70,1442,405,1847
UMER KOT DISTRICT,71,1631,497,2128
UMER KOT DISTRICT,72,1310,429,1739
UMER KOT DISTRICT,73,1321,422,1743
UMER KOT DISTRICT,74,1313,359,1672
UMER KOT DISTRICT,>=75,8880,2587,11467
UPPER DIR DISTRICT,<1,28122,1112,29234
UPPER DIR DISTRICT,1,32481,1260,33741
UPPER DIR DISTRICT,2,36946,1424,38370
UPPER DIR DISTRICT,3,35846,1525,37371
UPPER DIR DISTRICT,4,39024,1489,40513
UPPER DIR DISTRICT,5,34215,1453,35668
UPPER DIR DISTRICT,6,35241,1516,36757
UPPER DIR DISTRICT,7,31651,1389,33040
UPPER DIR DISTRICT,8,33988,1428,35416
UPPER DIR DISTRICT,9,31802,1378,33180
UPPER DIR DISTRICT,10,29021,1325,30346
UPPER DIR DISTRICT,11,26409,1152,27561
UPPER DIR DISTRICT,12,25500,1144,26644
UPPER DIR DISTRICT,13,22749,1133,23882
UPPER DIR DISTRICT,14,22746,1175,23921
UPPER DIR DISTRICT,15,21278,1116,22394
UPPER DIR DISTRICT,16,19685,975,20660
UPPER DIR DISTRICT,17,17243,953,18196
UPPER DIR DISTRICT,18,17985,966,18951
UPPER DIR DISTRICT,19,15982,830,16812
UPPER DIR DISTRICT,20,17265,900,18165
UPPER DIR DISTRICT,21,14170,811,14981
UPPER DIR DISTRICT,22,14516,779,15295
UPPER DIR DISTRICT,23,14119,734,14853
UPPER DIR DISTRICT,24,12612,709,13321
UPPER DIR DISTRICT,25,13444,785,14229
UPPER DIR DISTRICT,26,12294,700,12994
UPPER DIR DISTRICT,27,12629,701,13330
UPPER DIR DISTRICT,28,11309,701,12010
UPPER DIR DISTRICT,29,11484,619,12103
UPPER DIR DISTRICT,30,10350,645,10995
UPPER DIR DISTRICT,31,10322,522,10844
UPPER DIR DISTRICT,32,9079,543,9622
UPPER DIR DISTRICT,33,8188,538,8726
UPPER DIR DISTRICT,34,7432,425,7857
UPPER DIR DISTRICT,35,7323,450,7773
UPPER DIR DISTRICT,36,7778,360,8138
UPPER DIR DISTRICT,37,8728,420,9148
UPPER DIR DISTRICT,38,7229,450,7679
UPPER DIR DISTRICT,39,7654,388,8042
UPPER DIR DISTRICT,40,6870,489,7359
UPPER DIR DISTRICT,41,6677,353,7030
UPPER DIR DISTRICT,42,6118,323,6441
UPPER DIR DISTRICT,43,5476,391,5867
UPPER DIR DISTRICT,44,4904,323,5227
UPPER DIR DISTRICT,45,4861,339,5200
UPPER DIR DISTRICT,46,4838,246,5084
UPPER DIR DISTRICT,47,5136,238,5374
UPPER DIR DISTRICT,48,4477,259,4736
UPPER DIR DISTRICT,49,4425,270,4695
UPPER DIR DISTRICT,50,4305,299,4604
UPPER DIR DISTRICT,51,3892,242,4134
UPPER DIR DISTRICT,52,3263,195,3458
UPPER DIR DISTRICT,53,3127,200,3327
UPPER DIR DISTRICT,54,2828,205,3033
UPPER DIR DISTRICT,55,3109,241,3350
UPPER DIR DISTRICT,56,2479,132,2611
UPPER DIR DISTRICT,57,2609,131,2740
UPPER DIR DISTRICT,58,2649,146,2795
UPPER DIR DISTRICT,59,2978,168,3146
UPPER DIR DISTRICT,60,3250,234,3484
UPPER DIR DISTRICT,61,3033,158,3191
UPPER DIR DISTRICT,62,2635,151,2786
UPPER DIR DISTRICT,63,2582,124,2706
UPPER DIR DISTRICT,64,2652,120,2772
UPPER DIR DISTRICT,65,2302,144,2446
UPPER DIR DISTRICT,66,2219,68,2287
UPPER DIR DISTRICT,67,2084,120,2204
UPPER DIR DISTRICT,68,1900,74,1974
UPPER DIR DISTRICT,69,2050,65,2115
UPPER DIR DISTRICT,70,1942,92,2034
UPPER DIR DISTRICT,71,1830,66,1896
UPPER DIR DISTRICT,72,1514,71,1585
UPPER DIR DISTRICT,73,1239,69,1308
UPPER DIR DISTRICT,74,1290,45,1335
UPPER DIR DISTRICT,>=75,9919,386,10305
VEHARI DISTRICT,<1,63923,12065,75988
VEHARI DISTRICT,1,67068,13486,80554
VEHARI DISTRICT,2,65019,12243,77262
VEHARI DISTRICT,3,70521,13597,84118
VEHARI DISTRICT,4,72263,12966,85229
VEHARI DISTRICT,5,68972,12960,81932
VEHARI DISTRICT,6,66086,12545,78631
VEHARI DISTRICT,7,70871,13204,84075
VEHARI DISTRICT,8,65490,11543,77033
VEHARI DISTRICT,9,65038,13021,78059
VEHARI DISTRICT,10,60553,10913,71466
VEHARI DISTRICT,11,56831,12790,69621
VEHARI DISTRICT,12,53640,10294,63934
VEHARI DISTRICT,13,50332,11426,61758
VEHARI DISTRICT,14,48630,10426,59056
VEHARI DISTRICT,15,48193,10490,58683
VEHARI DISTRICT,16,48357,10899,59256
VEHARI DISTRICT,17,47761,10907,58668
VEHARI DISTRICT,18,45612,9726,55338
VEHARI DISTRICT,19,45369,10679,56048
VEHARI DISTRICT,20,45759,9270,55029
VEHARI DISTRICT,21,43191,10890,54081
VEHARI DISTRICT,22,42636,9335,51971
VEHARI DISTRICT,23,38315,9567,47882
VEHARI DISTRICT,24,37271,9174,46445
VEHARI DISTRICT,25,36915,7583,44498
VEHARI DISTRICT,26,36602,9075,45677
VEHARI DISTRICT,27,34948,8574,43522
VEHARI DISTRICT,28,36796,8594,45390
VEHARI DISTRICT,29,36960,8499,45459
VEHARI DISTRICT,30,33968,7301,41269
VEHARI DISTRICT,31,35418,8196,43614
VEHARI DISTRICT,32,30708,7136,37844
VEHARI DISTRICT,33,29447,7232,36679
VEHARI DISTRICT,34,30760,7207,37967
VEHARI DISTRICT,35,27170,5702,32872
VEHARI DISTRICT,36,33001,7002,40003
VEHARI DISTRICT,37,27276,5843,33119
VEHARI DISTRICT,38,27420,6497,33917
VEHARI DISTRICT,39,27392,6019,33411
VEHARI DISTRICT,40,23134,5188,28322
VEHARI DISTRICT,41,28031,6081,34112
VEHARI DISTRICT,42,22365,4934,27299
VEHARI DISTRICT,43,21122,5158,26280
VEHARI DISTRICT,44,21618,5046,26664
VEHARI DISTRICT,45,17665,3877,21542
VEHARI DISTRICT,46,23286,5060,28346
VEHARI DISTRICT,47,19596,4155,23751
VEHARI DISTRICT,48,19689,4602,24291
VEHARI DISTRICT,49,20373,4513,24886
VEHARI DISTRICT,50,16958,3778,20736
VEHARI DISTRICT,51,21524,4706,26230
VEHARI DISTRICT,52,17657,3955,21612
VEHARI DISTRICT,53,16556,3955,20511
VEHARI DISTRICT,54,15378,3722,19100
VEHARI DISTRICT,55,11968,2680,14648
VEHARI DISTRICT,56,15253,3133,18386
VEHARI DISTRICT,57,12018,2615,14633
VEHARI DISTRICT,58,12060,2764,14824
VEHARI DISTRICT,59,11829,2556,14385
VEHARI DISTRICT,60,9947,2083,12030
VEHARI DISTRICT,61,12758,2527,15285
VEHARI DISTRICT,62,10343,2153,12496
VEHARI DISTRICT,63,10540,2197,12737
VEHARI DISTRICT,64,10046,1976,12022
VEHARI DISTRICT,65,7616,1409,9025
VEHARI DISTRICT,66,8971,1612,10583
VEHARI DISTRICT,67,7305,1244,8549
VEHARI DISTRICT,68,6964,1278,8242
VEHARI DISTRICT,69,7452,1289,8741
VEHARI DISTRICT,70,5973,1059,7032
VEHARI DISTRICT,71,7044,1248,8292
VEHARI DISTRICT,72,5677,1061,6738
VEHARI DISTRICT,73,5170,1013,6183
VEHARI DISTRICT,74,5091,877,5968
VEHARI DISTRICT,>=75,34493,5749,40242
WASHUK DISTRICT,<1,6241,1279,7520
WASHUK DISTRICT,1,5657,926,6583
WASHUK DISTRICT,2,6822,1164,7986
WASHUK DISTRICT,3,5853,993,6846
WASHUK DISTRICT,4,6799,1170,7969
WASHUK DISTRICT,5,5666,728,6394
WASHUK DISTRICT,6,6421,845,7266
WASHUK DISTRICT,7,5325,650,5975
WASHUK DISTRICT,8,6348,839,7187
WASHUK DISTRICT,9,5591,709,6300
WASHUK DISTRICT,10,5935,732,6667
WASHUK DISTRICT,11,4273,535,4808
WASHUK DISTRICT,12,4215,466,4681
WASHUK DISTRICT,13,3422,434,3856
WASHUK DISTRICT,14,3465,509,3974
WASHUK DISTRICT,15,3238,380,3618
WASHUK DISTRICT,16,2814,433,3247
WASHUK DISTRICT,17,3055,421,3476
WASHUK DISTRICT,18,2737,380,3117
WASHUK DISTRICT,19,2507,401,2908
WASHUK DISTRICT,20,3218,428,3646
WASHUK DISTRICT,21,2232,341,2573
WASHUK DISTRICT,22,1785,244,2029
WASHUK DISTRICT,23,1703,271,1974
WASHUK DISTRICT,24,1448,189,1637
WASHUK DISTRICT,25,2555,349,2904
WASHUK DISTRICT,26,1532,284,1816
WASHUK DISTRICT,27,2057,278,2335
WASHUK DISTRICT,28,2129,278,2407
WASHUK DISTRICT,29,2173,298,2471
WASHUK DISTRICT,30,2735,290,3025
WASHUK DISTRICT,31,1801,245,2046
WASHUK DISTRICT,32,1362,187,1549
WASHUK DISTRICT,33,1724,205,1929
WASHUK DISTRICT,34,1289,152,1441
WASHUK DISTRICT,35,1946,206,2152
WASHUK DISTRICT,36,978,141,1119
WASHUK DISTRICT,37,1454,195,1649
WASHUK DISTRICT,38,1487,166,1653
WASHUK DISTRICT,39,1385,176,1561
WASHUK DISTRICT,40,2080,205,2285
WASHUK DISTRICT,41,1200,144,1344
WASHUK DISTRICT,42,809,138,947
WASHUK DISTRICT,43,1008,136,1144
WASHUK DISTRICT,44,754,98,852
WASHUK DISTRICT,45,1102,125,1227
WASHUK DISTRICT,46,496,102,598
WASHUK DISTRICT,47,726,133,859
WASHUK DISTRICT,48,722,104,826
WASHUK DISTRICT,49,831,118,949
WASHUK DISTRICT,50,1081,119,1200
WASHUK DISTRICT,51,598,94,692
WASHUK DISTRICT,52,493,73,566
WASHUK DISTRICT,53,581,66,647
WASHUK DISTRICT,54,550,68,618
WASHUK DISTRICT,55,582,49,631
WASHUK DISTRICT,56,344,51,395
WASHUK DISTRICT,57,443,71,514
WASHUK DISTRICT,58,343,49,392
WASHUK DISTRICT,59,422,74,496
WASHUK DISTRICT,60,609,84,693
WASHUK DISTRICT,61,344,54,398
WASHUK DISTRICT,62,305,59,364
WASHUK DISTRICT,63,336,37,373
WASHUK DISTRICT,64,343,42,385
WASHUK DISTRICT,65,301,62,363
WASHUK DISTRICT,66,194,37,231
WASHUK DISTRICT,67,219,40,259
WASHUK DISTRICT,68,221,55,276
WASHUK DISTRICT,69,309,58,367
WASHUK DISTRICT,70,315,53,368
WASHUK DISTRICT,71,160,37,197
WASHUK DISTRICT,72,159,26,185
WASHUK DISTRICT,73,171,35,206
WASHUK DISTRICT,74,188,25,213
WASHUK DISTRICT,>=75,1161,197,1358
ZHOB DISTRICT,<1,8766,1063,9829
ZHOB DISTRICT,1,10380,1362,11742
ZHOB DISTRICT,2,12006,1514,13520
ZHOB DISTRICT,3,11323,1580,12903
ZHOB DISTRICT,4,11439,1481,12920
ZHOB DISTRICT,5,10591,1447,12038
ZHOB DISTRICT,6,10972,1401,12373
ZHOB DISTRICT,7,9849,1459,11308
ZHOB DISTRICT,8,10447,1315,11762
ZHOB DISTRICT,9,9215,1376,10591
ZHOB DISTRICT,10,8821,1236,10057
ZHOB DISTRICT,11,7171,1189,8360
ZHOB DISTRICT,12,6824,1034,7858
ZHOB DISTRICT,13,6101,1087,7188
ZHOB DISTRICT,14,5655,1010,6665
ZHOB DISTRICT,15,5515,988,6503
ZHOB DISTRICT,16,4734,890,5624
ZHOB DISTRICT,17,4390,966,5356
ZHOB DISTRICT,18,4982,914,5896
ZHOB DISTRICT,19,4439,988,5427
ZHOB DISTRICT,20,4900,859,5759
ZHOB DISTRICT,21,4166,1017,5183
ZHOB DISTRICT,22,3429,829,4258
ZHOB DISTRICT,23,3357,902,4259
ZHOB DISTRICT,24,3417,821,4238
ZHOB DISTRICT,25,4331,857,5188
ZHOB DISTRICT,26,3617,764,4381
ZHOB DISTRICT,27,4054,881,4935
ZHOB DISTRICT,28,3521,832,4353
ZHOB DISTRICT,29,3821,830,4651
ZHOB DISTRICT,30,3574,718,4292
ZHOB DISTRICT,31,3271,693,3964
ZHOB DISTRICT,32,2830,641,3471
ZHOB DISTRICT,33,2459,672,3131
ZHOB DISTRICT,34,2013,582,2595
ZHOB DISTRICT,35,2422,460,2882
ZHOB DISTRICT,36,1898,491,2389
ZHOB DISTRICT,37,2347,573,2920
ZHOB DISTRICT,38,2057,525,2582
ZHOB DISTRICT,39,1971,485,2456
ZHOB DISTRICT,40,2227,450,2677
ZHOB DISTRICT,41,1777,408,2185
ZHOB DISTRICT,42,1558,302,1860
ZHOB DISTRICT,43,1439,337,1776
ZHOB DISTRICT,44,1316,286,1602
ZHOB DISTRICT,45,1531,292,1823
ZHOB DISTRICT,46,1366,276,1642
ZHOB DISTRICT,47,1717,342,2059
ZHOB DISTRICT,48,1455,281,1736
ZHOB DISTRICT,49,1441,338,1779
ZHOB DISTRICT,50,1483,303,1786
ZHOB DISTRICT,51,1231,277,1508
ZHOB DISTRICT,52,1086,233,1319
ZHOB DISTRICT,53,1091,253,1344
ZHOB DISTRICT,54,952,229,1181
ZHOB DISTRICT,55,930,177,1107
ZHOB DISTRICT,56,844,201,1045
ZHOB DISTRICT,57,1032,233,1265
ZHOB DISTRICT,58,784,156,940
ZHOB DISTRICT,59,876,182,1058
ZHOB DISTRICT,60,853,145,998
ZHOB DISTRICT,61,738,145,883
ZHOB DISTRICT,62,652,127,779
ZHOB DISTRICT,63,672,110,782
ZHOB DISTRICT,64,815,137,952
ZHOB DISTRICT,65,599,92,691
ZHOB DISTRICT,66,520,80,600
ZHOB DISTRICT,67,635,115,750
ZHOB DISTRICT,68,495,75,570
ZHOB DISTRICT,69,768,110,878
ZHOB DISTRICT,70,418,67,485
ZHOB DISTRICT,71,386,74,460
ZHOB DISTRICT,72,362,60,422
ZHOB DISTRICT,73,311,48,359
ZHOB DISTRICT,74,440,74,514
ZHOB DISTRICT,>=75,2315,417,2732
ZIARAT DISTRICT,<1,4593,73,4666
ZIARAT DISTRICT,1,5283,131,5414
ZIARAT DISTRICT,2,5608,93,5701
ZIARAT DISTRICT,3,5705,108,5813
ZIARAT DISTRICT,4,5528,112,5640
ZIARAT DISTRICT,5,5642,113,5755
ZIARAT DISTRICT,6,5501,104,5605
ZIARAT DISTRICT,7,5640,119,5759
ZIARAT DISTRICT,8,5179,79,5258
ZIARAT DISTRICT,9,5251,105,5356
ZIARAT DISTRICT,10,4388,83,4471
ZIARAT DISTRICT,11,3949,80,4029
ZIARAT DISTRICT,12,3459,72,3531
ZIARAT DISTRICT,13,3352,93,3445
ZIARAT DISTRICT,14,3019,64,3083
ZIARAT DISTRICT,15,3083,76,3159
ZIARAT DISTRICT,16,2848,57,2905
ZIARAT DISTRICT,17,2727,82,2809
ZIARAT DISTRICT,18,3079,63,3142
ZIARAT DISTRICT,19,3010,63,3073
ZIARAT DISTRICT,20,2927,69,2996
ZIARAT DISTRICT,21,3016,75,3091
ZIARAT DISTRICT,22,2275,37,2312
ZIARAT DISTRICT,23,2432,55,2487
ZIARAT DISTRICT,24,2173,46,2219
ZIARAT DISTRICT,25,2640,61,2701
ZIARAT DISTRICT,26,2375,40,2415
ZIARAT DISTRICT,27,2980,53,3033
ZIARAT DISTRICT,28,2225,43,2268
ZIARAT DISTRICT,29,2692,46,2738
ZIARAT DISTRICT,30,2217,60,2277
ZIARAT DISTRICT,31,2381,46,2427
ZIARAT DISTRICT,32,1931,42,1973
ZIARAT DISTRICT,33,1891,46,1937
ZIARAT DISTRICT,34,1718,40,1758
ZIARAT DISTRICT,35,1647,58,1705
ZIARAT DISTRICT,36,1701,36,1737
ZIARAT DISTRICT,37,2107,68,2175
ZIARAT DISTRICT,38,1541,48,1589
ZIARAT DISTRICT,39,1641,40,1681
ZIARAT DISTRICT,40,1228,33,1261
ZIARAT DISTRICT,41,1384,37,1421
ZIARAT DISTRICT,42,1089,44,1133
ZIARAT DISTRICT,43,1033,26,1059
ZIARAT DISTRICT,44,933,26,959
ZIARAT DISTRICT,45,948,25,973
ZIARAT DISTRICT,46,985,17,1002
ZIARAT DISTRICT,47,1257,30,1287
ZIARAT DISTRICT,48,1001,25,1026
ZIARAT DISTRICT,49,1016,27,1043
ZIARAT DISTRICT,50,908,13,921
ZIARAT DISTRICT,51,928,26,954
ZIARAT DISTRICT,52,823,27,850
ZIARAT DISTRICT,53,710,24,734
ZIARAT DISTRICT,54,641,12,653
ZIARAT DISTRICT,55,609,18,627
ZIARAT DISTRICT,56,576,15,591
ZIARAT DISTRICT,57,697,20,717
ZIARAT DISTRICT,58,526,17,543
ZIARAT DISTRICT,59,604,18,622
ZIARAT DISTRICT,60,598,7,605
ZIARAT DISTRICT,61,612,11,623
ZIARAT DISTRICT,62,514,15,529
ZIARAT DISTRICT,63,528,9,537
ZIARAT DISTRICT,64,559,13,572
ZIARAT DISTRICT,65,393,6,399
ZIARAT DISTRICT,66,400,3,403
ZIARAT DISTRICT,67,435,12,447
ZIARAT DISTRICT,68,345,3,348
ZIARAT DISTRICT,69,370,8,378
ZIARAT DISTRICT,70,277,5,282
ZIARAT DISTRICT,71,312,9,321
ZIARAT DISTRICT,72,268,4,272
ZIARAT DISTRICT,73,200,5,205
ZIARAT DISTRICT,74,210,2,212
ZIARAT DISTRICT,>=75,1432,21,1453
ISLAMABAD DISTRICT,<1,22578,20028,42606
ISLAMABAD DISTRICT,1,24566,23056,47622
ISLAMABAD DISTRICT,2,24842,22149,46991
ISLAMABAD DISTRICT,3,26785,24825,51610
ISLAMABAD DISTRICT,4,23926,22515,46441
ISLAMABAD DISTRICT,5,24863,23089,47952
ISLAMABAD DISTRICT,6,23674,22086,45760
ISLAMABAD DISTRICT,7,25904,23647,49551
ISLAMABAD DISTRICT,8,21966,21113,43079
ISLAMABAD DISTRICT,9,25364,24221,49585
ISLAMABAD DISTRICT,10,19913,19834,39747
ISLAMABAD DISTRICT,11,24051,24108,48159
ISLAMABAD DISTRICT,12,19205,19557,38762
ISLAMABAD DISTRICT,13,20896,21646,42542
ISLAMABAD DISTRICT,14,18644,19402,38046
ISLAMABAD DISTRICT,15,18519,19819,38338
ISLAMABAD DISTRICT,16,18590,19591,38181
ISLAMABAD DISTRICT,17,20132,21233,41365
ISLAMABAD DISTRICT,18,17006,18503,35509
ISLAMABAD DISTRICT,19,20604,21984,42588
ISLAMABAD DISTRICT,20,16514,18361,34875
ISLAMABAD DISTRICT,21,20815,23723,44538
ISLAMABAD DISTRICT,22,18239,20780,39019
ISLAMABAD DISTRICT,23,20012,22122,42134
ISLAMABAD DISTRICT,24,19566,20620,40186
ISLAMABAD DISTRICT,25,16332,17325,33657
ISLAMABAD DISTRICT,26,19207,19504,38711
ISLAMABAD DISTRICT,27,19153,18899,38052
ISLAMABAD DISTRICT,28,17576,17805,35381
ISLAMABAD DISTRICT,29,18145,17902,36047
ISLAMABAD DISTRICT,30,16251,16235,32486
ISLAMABAD DISTRICT,31,17842,17027,34869
ISLAMABAD DISTRICT,32,16935,16577,33512
ISLAMABAD DISTRICT,33,16747,15935,32682
ISLAMABAD DISTRICT,34,15594,14725,30319
ISLAMABAD DISTRICT,35,12689,13101,25790
ISLAMABAD DISTRICT,36,13976,13284,27260
ISLAMABAD DISTRICT,37,12792,12308,25100
ISLAMABAD DISTRICT,38,13941,13959,27900
ISLAMABAD DISTRICT,39,13105,12759,25864
ISLAMABAD DISTRICT,40,11412,12970,24382
ISLAMABAD DISTRICT,41,11170,11460,22630
ISLAMABAD DISTRICT,42,10199,11231,21430
ISLAMABAD DISTRICT,43,10406,11291,21697
ISLAMABAD DISTRICT,44,9276,9745,19021
ISLAMABAD DISTRICT,45,8540,9529,18069
ISLAMABAD DISTRICT,46,8410,8484,16894
ISLAMABAD DISTRICT,47,7369,7735,15104
ISLAMABAD DISTRICT,48,8610,9445,18055
ISLAMABAD DISTRICT,49,7980,8791,16771
ISLAMABAD DISTRICT,50,8015,9099,17114
ISLAMABAD DISTRICT,51,7292,8170,15462
ISLAMABAD DISTRICT,52,7325,8389,15714
ISLAMABAD DISTRICT,53,7489,8234,15723
ISLAMABAD DISTRICT,54,6912,7729,14641
ISLAMABAD DISTRICT,55,6377,6984,13361
ISLAMABAD DISTRICT,56,5586,6354,11940
ISLAMABAD DISTRICT,57,4886,5198,10084
ISLAMABAD DISTRICT,58,5582,5981,11563
ISLAMABAD DISTRICT,59,5177,5567,10744
ISLAMABAD DISTRICT,60,4754,4962,9716
ISLAMABAD DISTRICT,61,4901,4642,9543
ISLAMABAD DISTRICT,62,4795,4703,9498
ISLAMABAD DISTRICT,63,4842,4837,9679
ISLAMABAD DISTRICT,64,4159,4171,8330
ISLAMABAD DISTRICT,65,3695,3666,7361
ISLAMABAD DISTRICT,66,2929,2804,5733
ISLAMABAD DISTRICT,67,2847,2613,5460
ISLAMABAD DISTRICT,68,2895,2892,5787
ISLAMABAD DISTRICT,69,2621,2540,5161
ISLAMABAD DISTRICT,70,2209,2408,4617
ISLAMABAD DISTRICT,71,1960,2096,4056
ISLAMABAD DISTRICT,72,1997,2239,4236
ISLAMABAD DISTRICT,73,1816,2056,3872
ISLAMABAD DISTRICT,74,1510,1664,3174
ISLAMABAD DISTRICT,>=75,10963,12967,23930
